5 7 9
5 7 9.0
5 7 9.0
5 7 9.0
-3 -3 -3
-3 -3 -3.0
-3 -3 -3.0
-3 -3 -3.0
4 10 18
4 10 18.0
4 10 18.0
4 10 18.0
0.25 0.4 0.5
0.25 0.4 0.5
0.25 0.4 0.5
0.25 0.4 0.5
5 6 7
5 6 7
5 6 7.0
5 6 7.0
5 6 7.0
5 6 7.0
5 6 7.0
5 6 7.0
-3 -4 -5
-3 -2 -1
-3 -4 -5.0
-3 -2 -1.0
-3 -4 -5.0
-3 -2 -1.0
-3 -4 -5.0
-3 -2 -1.0
4 5 6
4 8 12
4 5 6.0
4 8 12.0
4 5 6.0
4 8 12.0
4 5 6.0
4 8 12.0
0.25 0.2 0.1666667
0.25 0.5 0.75
0.25 0.2 0.1666667
0.25 0.5 0.75
0.25 0.2 0.1666667
0.25 0.5 0.75
0.25 0.2 0.1666667
0.25 0.5 0.75
1 2 2
1 2 2
1 2 2.0
1 2 2.0
1 2 2.0
1 2 2.0
1 2 2.0
1 2 2.0
2 2 3
2 2 3
2 2 3.0
2 2 3.0
2 2 3.0
2 2 3.0
2 2 3.0
2 2 3.0
0 0 1
1 0 0
0 0 1
1 0 0
0 0 1
1 0 0
0 0 1
1 0 0
1 0 0
0 0 1
1 0 0
0 0 1
1 0 0
0 0 1
1 0 0
0 0 1
0 1 0
0 1 0
0 1 0
0 1 0
0 1 0
0 1 0
0 1 0
0 1 0
