"a"
"s"
"asdf"
"aaaa"
"asss"
("a";"as";"asd";"asdf")
9
-5
24
0.1666667
2
4
1
0
0
0
(4 4 4
 4 4 4
 4 4 4)
2 3 4
2 5 9
2 -1 -5
2 6 24
(2;0.6666667;0.1666667)
2 2 2
2 3 4
2 1 1
2 0 0
2 0 0
2 0 0
(2
 3 3
 (4 4 4
  4 4 4
  4 4 4))
(2
 2 3
 2 3 4)
9.0
-5.0
24.0
0.1666667
2.0
4.0
1
0
0
0
2 3 4.0
2 5 9.0
2 -1 -5.0
2 6 24.0
2 0.6666667 0.1666667
2 2 2.0
2 3 4.0
(2.0;1;1)
(2.0;0;0)
(2.0;0;0)
(2.0;0;0)
(2.0
 2 3.0
 2 3 4.0)
`a
`s
`a `s `d `f
`a `a `a `a
`a `s `s `s
(`a
 `a `s
 `a `s `d
 `a `s `d `f)
9.0
-5.0
24.0
0.1666667
2.0
4.0
1
0
0
0
(4 4 4.0
 4 4 4.0
 4 4 4.0)
(2;3;4.0)
(2;5;9.0)
(2;-1;-5.0)
(2;6;24.0)
(2;0.6666667;0.1666667)
(2;2;2.0)
(2;3;4.0)
2 1 1
2 0 0
2 0 0
2 0 0
(2
 3 3
 (4 4 4.0
  4 4 4.0
  4 4 4.0))
(2
 2 3
 (2;3;4.0))
(7;9;11.0)
(-3;-3;-3.0)
(10;18;28.0)
0.4 0.5 0.5714286
(2;3;4.0)
(5;6;7.0)
1 1 1
0 0 0
0 0 0
0
(2;3;4.0;5;6;7.0)
((2;3;4.0)
 (7;9;11.0))
((2;3;4.0)
 (-3;-3;-3.0))
((2;3;4.0)
 (10;18;28.0))
((2;3;4.0)
 0.4 0.5 0.5714286)
((2;3;4.0)
 (2;3;4.0))
((2;3;4.0)
 (5;6;7.0))
((2;3;4.0)
 1 1 1)
((2;3;4.0)
 0 0 0)
((2;3;4.0)
 0 0 0)
((2;3;4.0)
 0)
((2;3;4.0)
 (2;3;4.0;5;6;7.0))
