0 1 2 3 4 5 6 7 8 9 0 1 2 3 4 5 6 7 8 9 0 1 2 3 4 5 6 7 8 9 0 1
((1 4
  1 5
  1 6)
 (2 7
  2 8
  2 9)
 (3 1
  3 2
  3 3))
(1 4
 2 5
 3 6)
(("ax"
  "ay"
  "az")
 ("bx"
  "by"
  "bz")
 ("cx"
  "cy"
  "cz"))
"axayazbxbybzcxcycz"
(("a0"
  "b0"
  "c0")
 ("a1"
  "b1"
  "c1")
 ("a2"
  "b2"
  "c2"))
(("0a"
  "0b"
  "0c")
 ("1a"
  "1b"
  "1c")
 ("2a"
  "2b"
  "2c"))
(((((0 1
     2 3)
    (4 5
     6 7))
   ((8 9
     0 1)
    (2 3
     4 5)))
  (((6 7
     8 9)
    (0 1
     2 3))
   ((4 5
     6 7)
    (8 9
     0 1))))
 (((0 1
    2 3)
   (4 5
    6 7))
  ((8 9
    0 1)
   (2 3
    4 5))
  ((6 7
    8 9)
   (0 1
    2 3))
  ((4 5
    6 7)
   (8 9
    0 1)))
 ((0 1
   2 3)
  (4 5
   6 7)
  (8 9
   0 1)
  (2 3
   4 5)
  (6 7
   8 9)
  (0 1
   2 3)
  (4 5
   6 7)
  (8 9
   0 1))
 (0 1
  2 3
  4 5
  6 7
  8 9
  0 1
  2 3
  4 5
  6 7
  8 9
  0 1
  2 3
  4 5
  6 7
  8 9
  0 1)
 0 1 2 3 4 5 6 7 8 9 0 1 2 3 4 5 6 7 8 9 0 1 2 3 4 5 6 7 8 9 0 1)
