1 1 1 1 1 1 1 1 1 1 1 1 1 1 1 1 1 1 1 1 1 1 1 1 1 1 1 1 1 1 1
1 0 0 0 0 0 0 0 0 0 0 0 0 0 0 0 0 0 0 0 0 0 0 0 0 0 0 0 0 0 0 0
1 0 0 0 0 0 0 0 0 0 0 0 0 0 0 0 0 0 0 0 0 0 0 0 0 0 0 0 0 0 0 1
1 1 1 1 1 1 1 1 1 1 1 1 1 1 1 1 1 1 1 1 1 1 1 1 1 1 1 1 1 1 1 1
7 15 15 15 15 15 15 15
8 0 0 0 0 0 0 0
8 0 0 0 0 0 0 1
15 15 15 15 15 15 15 15
(0 1 1 1
 1 0 0 1
 1 0 0 1
 1 0 0 1
 1 0 0 1
 1 0 0 1
 1 0 0 1
 1 0 0 1
 1 0 0 1
 1 0 0 1
 1 0 0 1
 1 0 0 1
 1 0 0 1
 1 0 0 1
 1 0 0 1
 1 0 0 1
 1 0 0 1
 1 0 0 1
 1 0 0 1
 1 0 0 1
 1 0 0 1
 1 0 0 1
 1 0 0 1
 1 0 0 1
 1 0 0 1
 1 0 0 1
 1 0 0 1
 1 0 0 1
 1 0 0 1
 1 0 0 1
 1 0 0 1
 1 0 1 1)
0I 0N -0I -1
(7 8 8 15
 15 0 0 15
 15 0 0 15
 15 0 0 15
 15 0 0 15
 15 0 0 15
 15 0 0 15
 15 0 1 15)
0I 0N -0I -1
