.((`a
   ((0 1 2
     0 1 2
     0 1 2)
    (0 1 2
     0 1 2
     0 1 2)
    (0 1 2
     0 1 2
     0 1 2))
   )
  (`b
   (.,(`a
       ((0 1 2
         0 1 2
         0 1 2)
        (0 1 2
         0 -1 2
         0 1 2)
        (0 1 2
         0 1 2
         0 1 2))
       )
    .,(`a
       ((0 1 2
         0 1 2
         0 1 2)
        (0 1 2
         0 1 2
         0 1 2)
        (0 1 2
         0 1 2
         0 1 2))
       )
    .,(`a
       ((0 1 2
         0 1 2
         0 1 2)
        (0 1 2
         0 -1 2
         0 1 2)
        (0 1 2
         0 1 2
         0 1 2))
       ))
   ))
((0 1 2
  0 1 2
  0 1 2)
 (0 1 2
  0 -1 2
  0 1 2)
 (0 1 2
  0 1 2
  0 1 2))
.((`a
   .((`a;1;)
     (`b;2;)
     (`c;3;))
   )
  (`b
   .((`a;1;)
     (`b;-2;)
     (`c;3;))
   )
  (`c
   .((`a;1;)
     (`b;2;)
     (`c;3;))
   ))
.((`a
   .((`a;1;)
     (`b;2;)
     (`c;3;))
   )
  (`b
   .((`a;1;)
     (`b;,"2";)
     (`c;3;))
   )
  (`c
   .((`a;1;)
     (`b;2;)
     (`c;3;))
   ))
.((`a
   .((`a;1;)
     (`b;2;)
     (`c;3;))
   )
  (`b
   .((`a;1;)
     (`b
      ,2
      )
     (`c;3;))
   )
  (`c
   .((`a;1;)
     (`b;2;)
     (`c;3;))
   ))
