.((`a
   ((0 1 2
     0 1 2
     0 1 2)
    (0 1 2
     0 1 2
     0 1 2)
    (0 1 2
     0 1 2
     0 1 2))
   )
  (`b
   (.,(`a
       ((0 1 2
         0 1 2
         0 1 2)
        (0 1 2
         0 -1 2
         0 1 2)
        (0 1 2
         0 1 2
         0 1 2))
       )
    .,(`a
       ((0 1 2
         0 1 2
         0 1 2)
        (0 1 2
         0 1 2
         0 1 2)
        (0 1 2
         0 1 2
         0 1 2))
       )
    .,(`a
       ((0 1 2
         0 1 2
         0 1 2)
        (0 1 2
         0 -1 2
         0 1 2)
        (0 1 2
         0 1 2
         0 1 2))
       ))
   ))
