.((`a
   0 1 2
   )
  (`b
   (0
    (0 1 2
     (0
      .((`a
         -1 -1
         )
        (`b
         -2 -2
         )
        (`c
         -3 -3
         ))
      2)
     0 1 2)
    2)
   )
  (`c
   0 1 2
   ))
.((`a
   0 1 2
   )
  (`b
   (0
    (0 1 2
     (0
      .((`a
         1 1
         )
        (`b
         2 2
         )
        (`c
         3 3
         ))
      2)
     0 1 2)
    2)
   )
  (`c
   0 1 2
   ))
.((`a
   0 1 2
   )
  (`b
   (0
    (0 1 2
     (0
      .((`a
         -1 -1
         )
        (`b
         -2 -2
         )
        (`c
         -3 -3
         ))
      2)
     0 1 2)
    2)
   )
  (`c
   0 1 2
   ))
.((`a
   0 1 2
   )
  (`b
   (0
    (0 1 2
     (0
      .((`a
         1 1
         )
        (`b
         2 2
         )
        (`c
         3 3
         ))
      2)
     0 1 2)
    2)
   )
  (`c
   0 1 2
   ))
.((`a
   0 1 2
   )
  (`b
   (0
    (0 1 2
     (0
      .((`a
         -1 -1
         )
        (`b
         -2 -2
         )
        (`c
         -3 -3
         ))
      2)
     0 1 2)
    2)
   )
  (`c
   0 1 2
   ))
