`a
0 1 -1 -1 4 5 6 7 8 9
0 1 2 3 4 5 6 7 8 9
`b
0 1 -1 -1 4 5 6 7 8 9
0 1 2 3 4 5 6 7 -8 -9
`d
.((`a
   1 1
   )
  (`b
   -1 -1
   )
  (`c
   -1 -1
   ))
.((`a
   1 1
   )
  (`b
   2 2
   )
  (`c
   3 3
   ))
`e
.((`a
   1 1
   )
  (`b
   -1 -1
   )
  (`c
   -1 -1
   ))
.((`a
   1 1
   )
  (`b
   -2 -2
   )
  (`c
   -3 -3
   ))
`a
0 1 -4 -1 4 5 6 7 8 9
0 1 2 3 4 5 6 7 -8 -9
`b
0 1 -4 -1 4 5 6 7 8 9
0 1 2 3 4 5 6 7 8 -9
`d
.((`a
   1 1
   )
  (`b
   -4 -4
   )
  (`c
   -1 -1
   ))
.((`a
   1 1
   )
  (`b
   -2 -2
   )
  (`c
   -3 -3
   ))
`e
.((`a
   1 1
   )
  (`b
   -4 -4
   )
  (`c
   -1 -1
   ))
.((`a
   1 1
   )
  (`b
   2 2
   )
  (`c
   -3 -3
   ))
