"1. Sanity & Identity Tests"
((1 0 0.0
  0 1 0.0
  0 0 1.0)
 (1 0 0.0
  0 1 0.0
  0 0 1.0)
 (1 0 0.0
  0 1 0.0
  0 0 1.0))
(1 0 0.0
 0 1 0.0
 0 0 1.0)
"2. Rectangular Tall Matrix"
((0.2298477 0.883461
  0.5247448 0.2407825
  0.8196419 -0.401896)
 (9.525518 0
  0 0.5143006)
 (0.6196295 0.7848945
  -0.7848945 0.6196295))
(1 2.0
 3 4.0
 5 6.0)
"3. Wide Matrix"
((0.3863177 0.9223658 0
  0.9223658 -0.3863177 0)
 (9.508032 0 0
  0 0.7728696 0
  0 0 0.0)
 (0.4286671 0.5663069 0.7039467
  -0.8059639 -0.1123824 0.5811991
  0 0 1.0))
(1 2 3.0
 4 5 6.0)
"4. Rank-Deficient Matrix"
((0.2672612 0 0
  0.5345225 1 0
  0.8017837 0 1)
 (14 0 0.0
  0 0 0.0
  0 0 0.0)
 (0.2672612 0.5345225 0.8017837
  0 1 0.0
  0 0 1.0))
(1 2 3.0
 2 4 6.0
 3 6 9.0)
