"1. Identity Matrix"
((1 0 0.0
  0 1 0.0
  0 0 1.0)
 (1 0 0.0
  0 1 0.0
  0 0 1.0)
 (1 0 0.0
  0 1 0.0
  0 0 1.0))
(1 0 0.0
 0 1 0.0
 0 0 1.0)
"2. Simple Lower-Triangular"
((0 1 0.0
  0 0 1.0
  1 0 0.0)
 (1 0 0.0
  0.25 1 0
  0.5 -0.4 1)
 (4 5 6.0
  0 -1.25 -1.5
  0 0 -3.6))
(1 0 0.0
 2 3 0.0
 4 5 6.0)
"3. Requires Pivoting"
((0 1.0
  1 0.0)
 (1 0.0
  0 1.0)
 (1 3.0
  0 2.0))
(0 2.0
 1 3.0)
"4. Rectangular Tall"
((0 1 0.0
  0 0 1.0
  1 0 0.0)
 (1 0.0
  0.2 1
  0.6 0.5)
 (5 6.0
  0 0.8))
(1 2.0
 3 4.0
 5 6.0)
"5. Rectangular Wide"
((0 1.0
  1 0.0)
 (1 0.0
  0.25 1)
 (4 5 6.0
  0 0.75 1.5))
(1 2 3.0
 4 5 6.0)
"6. Singular Matrix"
((0 0 1.0
  0 1 0.0
  1 0 0.0)
 (1 0 0.0
  0.6666667 1 0
  0.3333333 0 1)
 (3 6 9.0
  0 0 0.0
  0 0 0.0))
(1 2 3.0
 2 4 6.0
 3 6 9.0)
"7. Non-finite Entries"
((0n 0n 0n
  0n 0n 0n
  0n 0n 0n)
 (0n 0n 0n
  0n 0n 0n
  0n 0n 0n)
 (0n 0n 0n
  0n 0n 0n
  0n 0n 0n))
(0n 0n 0n
 0n 0n 0n
 0n 0n 0n)
"8. 3x3 random-ish floats from small ints"
((0 0 1.0
  0 1 0.0
  1 0 0.0)
 (1 0 0.0
  0.8 1 0
  0.2 -0.3181818 1)
 (0.5 0.8 0.6
  0 -0.44 0.42
  0 0 0.7136364))
(0.1 0.3 0.7
 0.4 0.2 0.9
 0.5 0.8 0.6)
"9. Comparison to SVD-based Pseudo-Inverse"
((1 0 0.0
  0 1 0.0
  0 0 1.0)
 (1 0 0.0
  0 1 0.0
  0.5 -0.5 1)
 (2 1 0.0
  0 1 1.0
  0 0 1.5))
(2 1 0.0
 0 1 1.0
 1 0 1.0)
