"1. Identity"
((1 0 0.0
  0 1 0.0
  0 0 1.0)
 (1 0 0.0
  0 1 0.0
  0 0 1.0))
(1 0 0.0
 0 1 0.0
 0 0 1.0)
"2. Tall"
((0.1690309 0.8970852
  0.5070926 0.2760262
  0.8451543 -0.3450328)
 (5.91608 7.437357
  0 0.8280787))
(1 2.0
 3 4.0
 5 6.0)
"3. Wide"
((0.2425356 0.9701425
  0.9701425 -0.2425356)
 (4.123106 5.335784 6.548462
  0 0.7276069 1.455214))
(1 2 3.0
 4 5 6.0)
"4. Random-ish"
((0.1543033 0.4599756 0.8744215
  0.6172134 -0.7359609 0.278225
  0.7715167 0.4967736 -0.3974643)
 (0.6480741 0.7869471 1.126414
  0 0.3882194 -0.04231775
  0 0 0.624019))
(0.1 0.3 0.7
 0.4 0.2 0.9
 0.5 0.8 0.6)
