0
1
3
45
0.0
1.0
3.0
45.0
0
-1
-3
-45
0.0
-1.0
-3.0
-45.0
0
0
0
0
0.0
0.0
0.0
0.0
0
0.0
0.0
0.0
0.0
0.0
0.0
0.0
0
0.0
0.0
0.0
0.0
0.0
0.0
0.0
1
1.0
1.0
1.0
1.0
1.0
1.0
1.0
2
8.0
4096.0
0i
2.0
8.0
4096.0
0i
0
0 1
0 1 3
0 1 3 6 10 15 21 28 36 45
0.0
0 1.0
0 1 3.0
0 1 3 6 10 15 21 28 36 45.0
0
0 -1
0 -1 -3
0 -1 -3 -6 -10 -15 -21 -28 -36 -45
0.0
0 -1.0
0 -1 -3.0
0 -1 -3 -6 -10 -15 -21 -28 -36 -45.0
0
0 0
0 0 0
0 0 0 0 0 0 0 0 0 0
0.0
0 0.0
0 0 0.0
0 0 0 0 0 0 0 0 0 0.0
0
(0;0.0)
(0;0.0;0.0)
(0;0.0;0.0;0.0;0.0;0.0;0.0;0.0;0.0;0.0)
0.0
0 0.0
0 0 0.0
0 0 0 0 0 0 0 0 0 0.0
0
(0;0.0)
(0;0.0;0.0)
(0;0.0;0.0;0.0;0.0;0.0;0.0;0.0;0.0;0.0)
0.0
0 0.0
0 0 0.0
0 0 0 0 0 0 0 0 0 0.0
1
(1;1.0)
(1;1.0;1.0)
(1;1.0;1.0;1.0;1.0;1.0;1.0;1.0;1.0;1.0)
1.0
1 1.0
1 1 1.0
1 1 1 1 1 1 1 1 1 1.0
2
(2;8.0)
(2;8.0;4096.0)
(2;8.0;4096.0;1.152922e+18;2.348543e+108;0i;0i;0i;0i;0i)
2.0
2 8.0
2 8 4096.0
2 8 4096 1.152922e+18 2.348543e+108 0i 0i 0i 0i 0i
