2.302585
2.302585
2.302585 2.397895
2.302585 2.397895
2.302585 2.397895
(2.302585 2.397895
 2.302585 2.397895)
2.302585
2.302585
2.302585 2.397895
2.302585 2.397895
2.302585 2.397895
(2.302585 2.397895
 2.302585 2.397895)
3.951244 4.532599 3.637586 3.610918 3.988984 4.127134 2.484907 3.496508 4.532599 4.59512 4.477337 2.197225 2.079442 3.295837 4.442651 4.356709 2.833213 4.532599 4.488636 2.639057 3.970292 2.70805 3.688879 4.564348 2.70805 1.386294 4.49981 4.454347 4.158883 3.135494 4.584967 4.007333 4.317488 4.110874 3.332205 2.302585 -0i 3.806662 4.234107 4.574711 1.791759 4.465908 3.044522 1.609438 2.890372 4.543295 3.178054 4.356709 4.382027 4.543295 3.850148 4.127134 2.995732 2.772589 3.044522 4.454347 4.488636 3.73767 -0i -0i 4.077537 1.386294 3.970292 4.219508 2.890372 4.025352 4.521789 4.394449 4.143135 4.317488 4.304065 4.007333 3.78419 2.772589 4.477337 3.610918 4.290459 2.995732 2.564949 2.564949 4.553877 -0i 4.394449 4.369448 4.59512 4.418841 1.791759 4.418841 3.367296 3.850148 3.610918 3.178054 3.555348 2.564949 3.828641 4.418841 3.871201 3.663562 2.079442 4.51086
3.951244 4.532599 3.637586 3.610918 3.988984 4.127134 2.484907 3.496508 4.532599 4.59512 4.477337 2.197225 2.079442 3.295837 4.442651 4.356709 2.833213 4.532599 4.488636 2.639057 3.970292 2.70805 3.688879 4.564348 2.70805 1.386294 4.49981 4.454347 4.158883 3.135494 4.584967 4.007333 4.317488 4.110874 3.332205 2.302585 -0i 3.806662 4.234107 4.574711 1.791759 4.465908 3.044522 1.609438 2.890372 4.543295 3.178054 4.356709 4.382027 4.543295 3.850148 4.127134 2.995732 2.772589 3.044522 4.454347 4.488636 3.73767 -0i -0i 4.077537 1.386294 3.970292 4.219508 2.890372 4.025352 4.521789 4.394449 4.143135 4.317488 4.304065 4.007333 3.78419 2.772589 4.477337 3.610918 4.290459 2.995732 2.564949 2.564949 4.553877 -0i 4.394449 4.369448 4.59512 4.418841 1.791759 4.418841 3.367296 3.850148 3.610918 3.178054 3.555348 2.564949 3.828641 4.418841 3.871201 3.663562 2.079442 4.51086
3.951244 4.532599 3.637586 3.610918 3.988984 4.127134 2.484907 3.496508 4.532599 4.59512 4.477337 2.197225 2.079442 3.295837 4.442651 4.356709 2.833213 4.532599 4.488636 2.639057 3.970292 2.70805 3.688879 4.564348 2.70805 1.386294 4.49981 4.454347 4.158883 3.135494 4.584967 4.007333 4.317488 4.110874 3.332205 2.302585 -0i 3.806662 4.234107 4.574711 1.791759 4.465908 3.044522 1.609438 2.890372 4.543295 3.178054 4.356709 4.382027 4.543295 3.850148 4.127134 2.995732 2.772589 3.044522 4.454347 4.488636 3.73767 -0i -0i 4.077537 1.386294 3.970292 4.219508 2.890372 4.025352 4.521789 4.394449 4.143135 4.317488 4.304065 4.007333 3.78419 2.772589 4.477337 3.610918 4.290459 2.995732 2.564949 2.564949 4.553877 -0i 4.394449 4.369448 4.59512 4.418841 1.791759 4.418841 3.367296 3.850148 3.610918 3.178054 3.555348 2.564949 3.828641 4.418841 3.871201 3.663562 2.079442 4.51086
3.951244 4.532599 3.637586 3.610918 3.988984 4.127134 2.484907 3.496508 4.532599 4.59512 4.477337 2.197225 2.079442 3.295837 4.442651 4.356709 2.833213 4.532599 4.488636 2.639057 3.970292 2.70805 3.688879 4.564348 2.70805 1.386294 4.49981 4.454347 4.158883 3.135494 4.584967 4.007333 4.317488 4.110874 3.332205 2.302585 -0i 3.806662 4.234107 4.574711 1.791759 4.465908 3.044522 1.609438 2.890372 4.543295 3.178054 4.356709 4.382027 4.543295 3.850148 4.127134 2.995732 2.772589 3.044522 4.454347 4.488636 3.73767 -0i -0i 4.077537 1.386294 3.970292 4.219508 2.890372 4.025352 4.521789 4.394449 4.143135 4.317488 4.304065 4.007333 3.78419 2.772589 4.477337 3.610918 4.290459 2.995732 2.564949 2.564949 4.553877 -0i 4.394449 4.369448 4.59512 4.418841 1.791759 4.418841 3.367296 3.850148 3.610918 3.178054 3.555348 2.564949 3.828641 4.418841 3.871201 3.663562 2.079442 4.51086
1
1.0
1 2
1 2.0
(1;2.0)
((1;2.0)
 (1;2.0))
1
1.0
1 2
1 2.0
(1;2.0)
((1;2.0)
 (1;2.0))
32
32.0
32.0
32.0
30
24
30.0
24.0
30.0
24.0
32.0
24.0
24.0
30.0
30.0
32
32.0
32.0
32.0
30
24
30.0
24.0
30.0
24.0
32.0
24.0
24.0
30.0
30.0
0 0 2 1 1
2 1 3 2 3
(0 0 2 1 1
 2 1 3 2 3)
0 0 2 1 1.0
2 1 3 2 3.0
(0 0 2 1 1.0
 2 1 3 2 3.0)
0 0 2 1 1
2 1 3 2 3
((0 0 0 0 0
  0 0 0 0 0
  0 0 0 0 0
  0 0 0 0 0)
 (1 1 0 0 0
  0 1 0 1 1
  1 0 1 1 0
  0 0 1 0 1)
 (2 2 0 0 0
  0 2 0 2 2
  2 0 2 2 0
  0 0 2 0 2)
 (3 3 0 0 0
  0 3 0 3 3
  3 0 3 3 0
  0 0 3 0 3))
(0 0 0 0 0
 0 0 0 0 0
 0 0 0 0 0
 0 0 0 0 0)
(1 1 0 0 0
 0 1 0 1 1
 1 0 1 1 0
 0 0 1 0 1)
(2 2 0 0 0
 0 2 0 2 2
 2 0 2 2 0
 0 0 2 0 2)
(3 3 0 0 0
 0 3 0 3 3
 3 0 3 3 0
 0 0 3 0 3)
((0 0 0 0 0
  0 0 0 0 0
  0 0 0 0 0
  0 0 0 0 0)
 (1 1 0 0 0
  0 1 0 1 1
  1 0 1 1 0
  0 0 1 0 1)
 (2 2 0 0 0
  0 2 0 2 2
  2 0 2 2 0
  0 0 2 0 2)
 (3 3 0 0 0
  0 3 0 3 3
  3 0 3 3 0
  0 0 3 0 3))
0 0 2 1 1.0
2 1 3 2 3.0
(0 0 2 1 1.0
 2 1 3 2 3.0)
0 0 2 1 1.0
2 1 3 2 3.0
(0 0 2 1 1.0
 2 1 3 2 3.0)
0 0 2 1 1.0
2 1 3 2 3.0
((0 0 0 0 0.0
  0 0 0 0 0.0
  0 0 0 0 0.0
  0 0 0 0 0.0)
 (1 1 0 0 0.0
  0 1 0 1 1.0
  1 0 1 1 0.0
  0 0 1 0 1.0)
 (2 2 0 0 0.0
  0 2 0 2 2.0
  2 0 2 2 0.0
  0 0 2 0 2.0)
 (3 3 0 0 0.0
  0 3 0 3 3.0
  3 0 3 3 0.0
  0 0 3 0 3.0))
(0 0 0 0 0
 0 0 0 0 0
 0 0 0 0 0
 0 0 0 0 0)
(1 1 0 0 0
 0 1 0 1 1
 1 0 1 1 0
 0 0 1 0 1)
(2 2 0 0 0
 0 2 0 2 2
 2 0 2 2 0
 0 0 2 0 2)
(3 3 0 0 0
 0 3 0 3 3
 3 0 3 3 0
 0 0 3 0 3)
((0 0 0 0 0
  0 0 0 0 0
  0 0 0 0 0
  0 0 0 0 0)
 (1 1 0 0 0
  0 1 0 1 1
  1 0 1 1 0
  0 0 1 0 1)
 (2 2 0 0 0
  0 2 0 2 2
  2 0 2 2 0
  0 0 2 0 2)
 (3 3 0 0 0
  0 3 0 3 3
  3 0 3 3 0
  0 0 3 0 3))
(0 0 0 0 0
 0 0 0 0 0
 0 0 0 0 0
 0 0 0 0 0)
(1 1 0 0 0
 0 1 0 1 1
 1 0 1 1 0
 0 0 1 0 1)
(2 2 0 0 0
 0 2 0 2 2
 2 0 2 2 0
 0 0 2 0 2)
(3 3 0 0 0
 0 3 0 3 3
 3 0 3 3 0
 0 0 3 0 3)
(0 0 0 0 0.0
 0 0 0 0 0.0
 0 0 0 0 0.0
 0 0 0 0 0.0)
(1 1 0 0 0.0
 0 1 0 1 1.0
 1 0 1 1 0.0
 0 0 1 0 1.0)
(2 2 0 0 0.0
 0 2 0 2 2.0
 2 0 2 2 0.0
 0 0 2 0 2.0)
(3 3 0 0 0.0
 0 3 0 3 3.0
 3 0 3 3 0.0
 0 0 3 0 3.0)
(0 0 0 0 0.0
 0 0 0 0 0.0
 0 0 0 0 0.0
 0 0 0 0 0.0)
(1 1 0 0 0.0
 0 1 0 1 1.0
 1 0 1 1 0.0
 0 0 1 0 1.0)
(2 2 0 0 0.0
 0 2 0 2 2.0
 2 0 2 2 0.0
 0 0 2 0 2.0)
(3 3 0 0 0.0
 0 3 0 3 3.0
 3 0 3 3 0.0
 0 0 3 0 3.0)
66 93 126
59 73 87.0
59 73 87.0
32.0
66 93 126
59 73 87.0
59 73 87.0
32.0
