-0i
-0i
2.302585
2.302585
-0i 0 0.6931472 1.098612 1.386294 1.609438 1.791759 1.94591 2.079442 2.197225
-0i 0 0.6931472 1.098612 1.386294 1.609438 1.791759 1.94591 2.079442 2.197225
-0i 0 0.6931472 1.098612 1.386294 1.609438 1.791759 1.94591 2.079442 2.197225
-0i 0 0.6931472 1.098612 1.386294 1.609438 1.791759 1.94591 2.079442 2.197225
(-0i 0 0.6931472 1.098612 1.386294 1.609438 1.791759 1.94591 2.079442 2.197225
 -0i 0 0.6931472 1.098612 1.386294 1.609438 1.791759 1.94591 2.079442 2.197225)
(-0i 0 0.6931472 1.098612 1.386294 1.609438 1.791759 1.94591 2.079442 2.197225
 -0i 0 0.6931472 1.098612 1.386294 1.609438 1.791759 1.94591 2.079442 2.197225)
((-0i 0 0.6931472 1.098612 1.386294 1.609438 1.791759 1.94591 2.079442 2.197225
  -0i 0 0.6931472 1.098612 1.386294 1.609438 1.791759 1.94591 2.079442 2.197225)
 (-0i 0 0.6931472 1.098612 1.386294 1.609438 1.791759 1.94591 2.079442 2.197225
  -0i 0 0.6931472 1.098612 1.386294 1.609438 1.791759 1.94591 2.079442 2.197225))
((-0i 0 0.6931472 1.098612 1.386294 1.609438 1.791759 1.94591 2.079442 2.197225
  -0i 0 0.6931472 1.098612 1.386294 1.609438 1.791759 1.94591 2.079442 2.197225)
 (-0i 0 0.6931472 1.098612 1.386294 1.609438 1.791759 1.94591 2.079442 2.197225
  -0i 0 0.6931472 1.098612 1.386294 1.609438 1.791759 1.94591 2.079442 2.197225))
-0i
-0i
0n
0n
-0i 0n 0n 0n 0n 0n 0n 0n 0n 0n
0n -0.1053605 0.6418539 1.064711 1.360977 1.589235 1.774952 1.931521 2.066863 2.186051
-0i 0n 0n 0n 0n 0n 0n 0n 0n 0n
0n 0n 0n 0n 0n 0n 0n 0n 0n 2.197225
(-0i 0n 0n 0n 0n 0n 0n 0n 0n 0n
 -0i 0n 0n 0n 0n 0n 0n 0n 0n 0n)
(0n -0.1053605 0.6418539 1.064711 1.360977 1.589235 1.774952 1.931521 2.066863 0n
 0n -0.1053605 0.6418539 1.064711 1.360977 1.589235 1.774952 1.931521 2.066863 0n)
((-0i 0n 0n 0n 0n 0n 0n 0n 0n 0n
  -0i 0n 0n 0n 0n 0n 0n 0n 0n 0n)
 (-0i 0n 0n 0n 0n 0n 0n 0n 0n 0n
  -0i 0n 0n 0n 0n 0n 0n 0n 0n 0n))
((0n -0.1053605 0.6418539 1.064711 1.360977 1.589235 1.774952 1.931521 2.066863 0n
  0n -0.1053605 0.6418539 1.064711 1.360977 1.589235 1.774952 1.931521 2.066863 0n)
 (0n -0.1053605 0.6418539 1.064711 1.360977 1.589235 1.774952 1.931521 2.066863 0n
  0n -0.1053605 0.6418539 1.064711 1.360977 1.589235 1.774952 1.931521 2.066863 0n))
0i 0n 0n
0i 0n 0n
0i 0n 0n 0i 0n 0n
1.0
1.0
22026.47
22026.47
1 2.718282 7.389056 20.08554 54.59815 148.4132 403.4288 1096.633 2980.958 8103.084
1 2.718282 7.389056 20.08554 54.59815 148.4132 403.4288 1096.633 2980.958 8103.084
1 2.718282 7.389056 20.08554 54.59815 148.4132 403.4288 1096.633 2980.958 8103.084
1 2.718282 7.389056 20.08554 54.59815 148.4132 403.4288 1096.633 2980.958 8103.084
(1 2.718282 7.389056 20.08554 54.59815 148.4132 403.4288 1096.633 2980.958 8103.084
 1 2.718282 7.389056 20.08554 54.59815 148.4132 403.4288 1096.633 2980.958 8103.084)
(1 2.718282 7.389056 20.08554 54.59815 148.4132 403.4288 1096.633 2980.958 8103.084
 1 2.718282 7.389056 20.08554 54.59815 148.4132 403.4288 1096.633 2980.958 8103.084)
((1 2.718282 7.389056 20.08554 54.59815 148.4132 403.4288 1096.633 2980.958 8103.084
  1 2.718282 7.389056 20.08554 54.59815 148.4132 403.4288 1096.633 2980.958 8103.084)
 (1 2.718282 7.389056 20.08554 54.59815 148.4132 403.4288 1096.633 2980.958 8103.084
  1 2.718282 7.389056 20.08554 54.59815 148.4132 403.4288 1096.633 2980.958 8103.084))
((1 2.718282 7.389056 20.08554 54.59815 148.4132 403.4288 1096.633 2980.958 8103.084
  1 2.718282 7.389056 20.08554 54.59815 148.4132 403.4288 1096.633 2980.958 8103.084)
 (1 2.718282 7.389056 20.08554 54.59815 148.4132 403.4288 1096.633 2980.958 8103.084
  1 2.718282 7.389056 20.08554 54.59815 148.4132 403.4288 1096.633 2980.958 8103.084))
1.0
1.0
4.539993e-05
4.539993e-05
1 0.3678794 0.1353353 0.04978707 0.01831564 0.006737947 0.002478752 0.000911882 0.0003354626 0.0001234098
0.9048374 2.459603 6.685894 18.17415 49.40245 134.2898 365.0375 992.2747 2697.282 7331.974
1 0.3678794 0.1353353 0.04978707 0.01831564 0.006737947 0.002478752 0.000911882 0.0003354626 0.0001234098
0.9048374 0.3328711 0.1224564 0.0450492 0.01657268 0.006096747 0.002242868 0.0008251049 0.0003035391 8103.084
(1 0.3678794 0.1353353 0.04978707 0.01831564 0.006737947 0.002478752 0.000911882 0.0003354626 0.0001234098
 1 0.3678794 0.1353353 0.04978707 0.01831564 0.006737947 0.002478752 0.000911882 0.0003354626 0.0001234098)
(0.9048374 2.459603 6.685894 18.17415 49.40245 134.2898 365.0375 992.2747 2697.282 0.0001234098
 0.9048374 2.459603 6.685894 18.17415 49.40245 134.2898 365.0375 992.2747 2697.282 0.0001234098)
((1 0.3678794 0.1353353 0.04978707 0.01831564 0.006737947 0.002478752 0.000911882 0.0003354626 0.0001234098
  1 0.3678794 0.1353353 0.04978707 0.01831564 0.006737947 0.002478752 0.000911882 0.0003354626 0.0001234098)
 (1 0.3678794 0.1353353 0.04978707 0.01831564 0.006737947 0.002478752 0.000911882 0.0003354626 0.0001234098
  1 0.3678794 0.1353353 0.04978707 0.01831564 0.006737947 0.002478752 0.000911882 0.0003354626 0.0001234098))
((0.9048374 2.459603 6.685894 18.17415 49.40245 134.2898 365.0375 992.2747 2697.282 0.0001234098
  0.9048374 2.459603 6.685894 18.17415 49.40245 134.2898 365.0375 992.2747 2697.282 0.0001234098)
 (0.9048374 2.459603 6.685894 18.17415 49.40245 134.2898 365.0375 992.2747 2697.282 0.0001234098
  0.9048374 2.459603 6.685894 18.17415 49.40245 134.2898 365.0375 992.2747 2697.282 0.0001234098))
0i 0n 0
0i 0n 0
0i 0n 0 0i 0n 0
0
0.0
10
10.0
0 1 2 3 4 5 6 7 8 9
0 1 2 3 4 5 6 7 8 9.0
(0;1;2;3;4;5;6;7;8;9.0)
(0.0;1.0;2.0;3.0;4.0;5.0;6.0;7.0;8.0;9)
((0;1;2;3;4;5;6;7;8;9.0)
 (0;1;2;3;4;5;6;7;8;9.0))
((0.0;1.0;2.0;3.0;4.0;5.0;6.0;7.0;8.0;9)
 (0.0;1.0;2.0;3.0;4.0;5.0;6.0;7.0;8.0;9))
(((0;1;2;3;4;5;6;7;8;9.0)
  (0;1;2;3;4;5;6;7;8;9.0))
 ((0;1;2;3;4;5;6;7;8;9.0)
  (0;1;2;3;4;5;6;7;8;9.0)))
(((0.0;1.0;2.0;3.0;4.0;5.0;6.0;7.0;8.0;9)
  (0.0;1.0;2.0;3.0;4.0;5.0;6.0;7.0;8.0;9))
 ((0.0;1.0;2.0;3.0;4.0;5.0;6.0;7.0;8.0;9)
  (0.0;1.0;2.0;3.0;4.0;5.0;6.0;7.0;8.0;9)))
0
10
10.0
0 1 2 3 4 5 6 7 8 9
0.1 0.9 1.9 2.9 3.9 4.9 5.9 6.9 7.9 8.9
(0;1;2;3;4;5;6;7;8;9.0)
(0.1;1.1;2.1;3.1;4.1;5.1;6.1;7.1;8.1;9)
((0;1;2;3;4;5;6;7;8;9.0)
 (0;1;2;3;4;5;6;7;8;9.0))
((0.1;0.9;1.9;2.9;3.9;4.9;5.9;6.9;7.9;9)
 (0.1;0.9;1.9;2.9;3.9;4.9;5.9;6.9;7.9;9))
(((0;1;2;3;4;5;6;7;8;9.0)
  (0;1;2;3;4;5;6;7;8;9.0))
 ((0;1;2;3;4;5;6;7;8;9.0)
  (0;1;2;3;4;5;6;7;8;9.0)))
(((0.1;0.9;1.9;2.9;3.9;4.9;5.9;6.9;7.9;9)
  (0.1;0.9;1.9;2.9;3.9;4.9;5.9;6.9;7.9;9))
 ((0.1;0.9;1.9;2.9;3.9;4.9;5.9;6.9;7.9;9)
  (0.1;0.9;1.9;2.9;3.9;4.9;5.9;6.9;7.9;9)))
0I 0N 0I
0i 0n 0i
0i 0n 0i 0i 0n 0i
0.0
0.0
100.0
100.0
0 1 4 9 16 25 36 49 64 81.0
0 1 4 9 16 25 36 49 64 81.0
0 1 4 9 16 25 36 49 64 81.0
0 1 4 9 16 25 36 49 64 81.0
(0 1 4 9 16 25 36 49 64 81.0
 0 1 4 9 16 25 36 49 64 81.0)
(0 1 4 9 16 25 36 49 64 81.0
 0 1 4 9 16 25 36 49 64 81.0)
((0 1 4 9 16 25 36 49 64 81.0
  0 1 4 9 16 25 36 49 64 81.0)
 (0 1 4 9 16 25 36 49 64 81.0
  0 1 4 9 16 25 36 49 64 81.0))
((0 1 4 9 16 25 36 49 64 81.0
  0 1 4 9 16 25 36 49 64 81.0)
 (0 1 4 9 16 25 36 49 64 81.0
  0 1 4 9 16 25 36 49 64 81.0))
0.0
0.0
100.0
100.0
0 1 4 9 16 25 36 49 64 81.0
0.01 0.81 3.61 8.41 15.21 24.01 34.81 47.61 62.41 79.21
0 1 4 9 16 25 36 49 64 81.0
0.01 1.21 4.41 9.61 16.81 26.01 37.21 50.41 65.61 81
(0 1 4 9 16 25 36 49 64 81.0
 0 1 4 9 16 25 36 49 64 81.0)
(0.01 0.81 3.61 8.41 15.21 24.01 34.81 47.61 62.41 81
 0.01 0.81 3.61 8.41 15.21 24.01 34.81 47.61 62.41 81)
((0 1 4 9 16 25 36 49 64 81.0
  0 1 4 9 16 25 36 49 64 81.0)
 (0 1 4 9 16 25 36 49 64 81.0
  0 1 4 9 16 25 36 49 64 81.0))
((0.01 0.81 3.61 8.41 15.21 24.01 34.81 47.61 62.41 81
  0.01 0.81 3.61 8.41 15.21 24.01 34.81 47.61 62.41 81)
 (0.01 0.81 3.61 8.41 15.21 24.01 34.81 47.61 62.41 81
  0.01 0.81 3.61 8.41 15.21 24.01 34.81 47.61 62.41 81))
0i 0n 0i
0i 0n 0i
0i 0n 0i 0i 0n 0i
0.0
0.0
10.0
10.0
0 1 2 3 4 5 6 7 8 9.0
0 1 2 3 4 5 6 7 8 9.0
0 1 2 3 4 5 6 7 8 9.0
0 1 2 3 4 5 6 7 8 9.0
(0 1 2 3 4 5 6 7 8 9.0
 0 1 2 3 4 5 6 7 8 9.0)
(0 1 2 3 4 5 6 7 8 9.0
 0 1 2 3 4 5 6 7 8 9.0)
((0 1 2 3 4 5 6 7 8 9.0
  0 1 2 3 4 5 6 7 8 9.0)
 (0 1 2 3 4 5 6 7 8 9.0
  0 1 2 3 4 5 6 7 8 9.0))
((0 1 2 3 4 5 6 7 8 9.0
  0 1 2 3 4 5 6 7 8 9.0)
 (0 1 2 3 4 5 6 7 8 9.0
  0 1 2 3 4 5 6 7 8 9.0))
0.0
0.0
-10.0
-11.0
0 -1 -2 -3 -4 -5 -6 -7 -8 -9.0
-1 0 1 2 3 4 5 6 7 8.0
0 -1 -2 -3 -4 -5 -6 -7 -8 -10.0
-1 -2 -3 -4 -5 -6 -7 -8 -9 9.0
(0 -1 -2 -3 -4 -5 -6 -7 -8 -10.0
 0 -1 -2 -3 -4 -5 -6 -7 -8 -10.0)
(-1 0 1 2 3 4 5 6 7 -9.0
 -1 0 1 2 3 4 5 6 7 -9.0)
((0 -1 -2 -3 -4 -5 -6 -7 -8 -10.0
  0 -1 -2 -3 -4 -5 -6 -7 -8 -10.0)
 (0 -1 -2 -3 -4 -5 -6 -7 -8 -10.0
  0 -1 -2 -3 -4 -5 -6 -7 -8 -10.0))
((-1 0 1 2 3 4 5 6 7 -9.0
  -1 0 1 2 3 4 5 6 7 -9.0)
 (-1 0 1 2 3 4 5 6 7 -9.0
  -1 0 1 2 3 4 5 6 7 -9.0))
0i 0n -0i
0i 0n -0i
0i 0n -0i 0i 0n -0i
0.0
0.0
10.0
10.0
0 1 2 3 4 5 6 7 8 9.0
0 1 2 3 4 5 6 7 8 9.0
0 1 2 3 4 5 6 7 8 9.0
0 1 2 3 4 5 6 7 8 9.0
(0 1 2 3 4 5 6 7 8 9.0
 0 1 2 3 4 5 6 7 8 9.0)
(0 1 2 3 4 5 6 7 8 9.0
 0 1 2 3 4 5 6 7 8 9.0)
((0 1 2 3 4 5 6 7 8 9.0
  0 1 2 3 4 5 6 7 8 9.0)
 (0 1 2 3 4 5 6 7 8 9.0
  0 1 2 3 4 5 6 7 8 9.0))
((0 1 2 3 4 5 6 7 8 9.0
  0 1 2 3 4 5 6 7 8 9.0)
 (0 1 2 3 4 5 6 7 8 9.0
  0 1 2 3 4 5 6 7 8 9.0))
0.0
0.0
-10.0
-10.0
0 -1 -2 -3 -4 -5 -6 -7 -8 -9.0
0 1 2 3 4 5 6 7 8 9.0
0 -1 -2 -3 -4 -5 -6 -7 -8 -9.0
0 -1 -2 -3 -4 -5 -6 -7 -8 9.0
(0 -1 -2 -3 -4 -5 -6 -7 -8 -9.0
 0 -1 -2 -3 -4 -5 -6 -7 -8 -9.0)
(0 1 2 3 4 5 6 7 8 -9.0
 0 1 2 3 4 5 6 7 8 -9.0)
((0 -1 -2 -3 -4 -5 -6 -7 -8 -9.0
  0 -1 -2 -3 -4 -5 -6 -7 -8 -9.0)
 (0 -1 -2 -3 -4 -5 -6 -7 -8 -9.0
  0 -1 -2 -3 -4 -5 -6 -7 -8 -9.0))
((0 1 2 3 4 5 6 7 8 -9.0
  0 1 2 3 4 5 6 7 8 -9.0)
 (0 1 2 3 4 5 6 7 8 -9.0
  0 1 2 3 4 5 6 7 8 -9.0))
0i 0n -0i
0i 0n -0i
0i 0n -0i 0i 0n -0i
0.0
0.0
-0.5440211
-0.5440211
0 0.841471 0.9092974 0.14112 -0.7568025 -0.9589243 -0.2794155 0.6569866 0.9893582 0.4121185
0 0.841471 0.9092974 0.14112 -0.7568025 -0.9589243 -0.2794155 0.6569866 0.9893582 0.4121185
0 0.841471 0.9092974 0.14112 -0.7568025 -0.9589243 -0.2794155 0.6569866 0.9893582 0.4121185
0 0.841471 0.9092974 0.14112 -0.7568025 -0.9589243 -0.2794155 0.6569866 0.9893582 0.4121185
(0 0.841471 0.9092974 0.14112 -0.7568025 -0.9589243 -0.2794155 0.6569866 0.9893582 0.4121185
 0 0.841471 0.9092974 0.14112 -0.7568025 -0.9589243 -0.2794155 0.6569866 0.9893582 0.4121185)
(0 0.841471 0.9092974 0.14112 -0.7568025 -0.9589243 -0.2794155 0.6569866 0.9893582 0.4121185
 0 0.841471 0.9092974 0.14112 -0.7568025 -0.9589243 -0.2794155 0.6569866 0.9893582 0.4121185)
((0 0.841471 0.9092974 0.14112 -0.7568025 -0.9589243 -0.2794155 0.6569866 0.9893582 0.4121185
  0 0.841471 0.9092974 0.14112 -0.7568025 -0.9589243 -0.2794155 0.6569866 0.9893582 0.4121185)
 (0 0.841471 0.9092974 0.14112 -0.7568025 -0.9589243 -0.2794155 0.6569866 0.9893582 0.4121185
  0 0.841471 0.9092974 0.14112 -0.7568025 -0.9589243 -0.2794155 0.6569866 0.9893582 0.4121185))
((0 0.841471 0.9092974 0.14112 -0.7568025 -0.9589243 -0.2794155 0.6569866 0.9893582 0.4121185
  0 0.841471 0.9092974 0.14112 -0.7568025 -0.9589243 -0.2794155 0.6569866 0.9893582 0.4121185)
 (0 0.841471 0.9092974 0.14112 -0.7568025 -0.9589243 -0.2794155 0.6569866 0.9893582 0.4121185
  0 0.841471 0.9092974 0.14112 -0.7568025 -0.9589243 -0.2794155 0.6569866 0.9893582 0.4121185))
0.0
0.0
0.5440211
0.5440211
0 -0.841471 -0.9092974 -0.14112 0.7568025 0.9589243 0.2794155 -0.6569866 -0.9893582 -0.4121185
-0.09983342 0.7833269 0.9463001 0.2392493 -0.6877662 -0.9824526 -0.3738767 0.5784398 0.9989413 0.5010209
0 -0.841471 -0.9092974 -0.14112 0.7568025 0.9589243 0.2794155 -0.6569866 -0.9893582 -0.4121185
-0.09983342 -0.8912074 -0.8632094 -0.04158066 0.8182771 0.9258147 0.1821625 -0.728969 -0.9698898 0.4121185
(0 -0.841471 -0.9092974 -0.14112 0.7568025 0.9589243 0.2794155 -0.6569866 -0.9893582 -0.4121185
 0 -0.841471 -0.9092974 -0.14112 0.7568025 0.9589243 0.2794155 -0.6569866 -0.9893582 -0.4121185)
(-0.09983342 0.7833269 0.9463001 0.2392493 -0.6877662 -0.9824526 -0.3738767 0.5784398 0.9989413 -0.4121185
 -0.09983342 0.7833269 0.9463001 0.2392493 -0.6877662 -0.9824526 -0.3738767 0.5784398 0.9989413 -0.4121185)
((0 -0.841471 -0.9092974 -0.14112 0.7568025 0.9589243 0.2794155 -0.6569866 -0.9893582 -0.4121185
  0 -0.841471 -0.9092974 -0.14112 0.7568025 0.9589243 0.2794155 -0.6569866 -0.9893582 -0.4121185)
 (0 -0.841471 -0.9092974 -0.14112 0.7568025 0.9589243 0.2794155 -0.6569866 -0.9893582 -0.4121185
  0 -0.841471 -0.9092974 -0.14112 0.7568025 0.9589243 0.2794155 -0.6569866 -0.9893582 -0.4121185))
((-0.09983342 0.7833269 0.9463001 0.2392493 -0.6877662 -0.9824526 -0.3738767 0.5784398 0.9989413 -0.4121185
  -0.09983342 0.7833269 0.9463001 0.2392493 -0.6877662 -0.9824526 -0.3738767 0.5784398 0.9989413 -0.4121185)
 (-0.09983342 0.7833269 0.9463001 0.2392493 -0.6877662 -0.9824526 -0.3738767 0.5784398 0.9989413 -0.4121185
  -0.09983342 0.7833269 0.9463001 0.2392493 -0.6877662 -0.9824526 -0.3738767 0.5784398 0.9989413 -0.4121185))
0n 0n 0n
0n 0n 0n
0n 0n 0n 0n 0n 0n
1.0
1.0
-0.8390715
-0.8390715
1 0.5403023 -0.4161468 -0.9899925 -0.6536436 0.2836622 0.9601703 0.7539023 -0.1455 -0.9111303
1 0.5403023 -0.4161468 -0.9899925 -0.6536436 0.2836622 0.9601703 0.7539023 -0.1455 -0.9111303
1 0.5403023 -0.4161468 -0.9899925 -0.6536436 0.2836622 0.9601703 0.7539023 -0.1455 -0.9111303
1 0.5403023 -0.4161468 -0.9899925 -0.6536436 0.2836622 0.9601703 0.7539023 -0.1455 -0.9111303
(1 0.5403023 -0.4161468 -0.9899925 -0.6536436 0.2836622 0.9601703 0.7539023 -0.1455 -0.9111303
 1 0.5403023 -0.4161468 -0.9899925 -0.6536436 0.2836622 0.9601703 0.7539023 -0.1455 -0.9111303)
(1 0.5403023 -0.4161468 -0.9899925 -0.6536436 0.2836622 0.9601703 0.7539023 -0.1455 -0.9111303
 1 0.5403023 -0.4161468 -0.9899925 -0.6536436 0.2836622 0.9601703 0.7539023 -0.1455 -0.9111303)
((1 0.5403023 -0.4161468 -0.9899925 -0.6536436 0.2836622 0.9601703 0.7539023 -0.1455 -0.9111303
  1 0.5403023 -0.4161468 -0.9899925 -0.6536436 0.2836622 0.9601703 0.7539023 -0.1455 -0.9111303)
 (1 0.5403023 -0.4161468 -0.9899925 -0.6536436 0.2836622 0.9601703 0.7539023 -0.1455 -0.9111303
  1 0.5403023 -0.4161468 -0.9899925 -0.6536436 0.2836622 0.9601703 0.7539023 -0.1455 -0.9111303))
((1 0.5403023 -0.4161468 -0.9899925 -0.6536436 0.2836622 0.9601703 0.7539023 -0.1455 -0.9111303
  1 0.5403023 -0.4161468 -0.9899925 -0.6536436 0.2836622 0.9601703 0.7539023 -0.1455 -0.9111303)
 (1 0.5403023 -0.4161468 -0.9899925 -0.6536436 0.2836622 0.9601703 0.7539023 -0.1455 -0.9111303
  1 0.5403023 -0.4161468 -0.9899925 -0.6536436 0.2836622 0.9601703 0.7539023 -0.1455 -0.9111303))
1.0
1.0
-0.8390715
-0.8390715
1 0.5403023 -0.4161468 -0.9899925 -0.6536436 0.2836622 0.9601703 0.7539023 -0.1455 -0.9111303
0.9950042 0.62161 -0.3232896 -0.9709582 -0.7259323 0.1865124 0.9274784 0.8157251 -0.04600213 -0.8654352
1 0.5403023 -0.4161468 -0.9899925 -0.6536436 0.2836622 0.9601703 0.7539023 -0.1455 -0.9111303
0.9950042 0.4535961 -0.5048461 -0.9991352 -0.5748239 0.3779777 0.9832684 0.6845467 -0.2435442 -0.9111303
(1 0.5403023 -0.4161468 -0.9899925 -0.6536436 0.2836622 0.9601703 0.7539023 -0.1455 -0.9111303
 1 0.5403023 -0.4161468 -0.9899925 -0.6536436 0.2836622 0.9601703 0.7539023 -0.1455 -0.9111303)
(0.9950042 0.62161 -0.3232896 -0.9709582 -0.7259323 0.1865124 0.9274784 0.8157251 -0.04600213 -0.9111303
 0.9950042 0.62161 -0.3232896 -0.9709582 -0.7259323 0.1865124 0.9274784 0.8157251 -0.04600213 -0.9111303)
((1 0.5403023 -0.4161468 -0.9899925 -0.6536436 0.2836622 0.9601703 0.7539023 -0.1455 -0.9111303
  1 0.5403023 -0.4161468 -0.9899925 -0.6536436 0.2836622 0.9601703 0.7539023 -0.1455 -0.9111303)
 (1 0.5403023 -0.4161468 -0.9899925 -0.6536436 0.2836622 0.9601703 0.7539023 -0.1455 -0.9111303
  1 0.5403023 -0.4161468 -0.9899925 -0.6536436 0.2836622 0.9601703 0.7539023 -0.1455 -0.9111303))
((0.9950042 0.62161 -0.3232896 -0.9709582 -0.7259323 0.1865124 0.9274784 0.8157251 -0.04600213 -0.9111303
  0.9950042 0.62161 -0.3232896 -0.9709582 -0.7259323 0.1865124 0.9274784 0.8157251 -0.04600213 -0.9111303)
 (0.9950042 0.62161 -0.3232896 -0.9709582 -0.7259323 0.1865124 0.9274784 0.8157251 -0.04600213 -0.9111303
  0.9950042 0.62161 -0.3232896 -0.9709582 -0.7259323 0.1865124 0.9274784 0.8157251 -0.04600213 -0.9111303))
0n 0n 0n
0n 0n 0n
0n 0n 0n 0n 0n 0n
0.0
0.0
0.6483608
0.6483608
0 1.557408 -2.18504 -0.1425465 1.157821 -3.380515 -0.2910062 0.871448 -6.799711 -0.4523157
0 1.557408 -2.18504 -0.1425465 1.157821 -3.380515 -0.2910062 0.871448 -6.799711 -0.4523157
0 1.557408 -2.18504 -0.1425465 1.157821 -3.380515 -0.2910062 0.871448 -6.799711 -0.4523157
0 1.557408 -2.18504 -0.1425465 1.157821 -3.380515 -0.2910062 0.871448 -6.799711 -0.4523157
(0 1.557408 -2.18504 -0.1425465 1.157821 -3.380515 -0.2910062 0.871448 -6.799711 -0.4523157
 0 1.557408 -2.18504 -0.1425465 1.157821 -3.380515 -0.2910062 0.871448 -6.799711 -0.4523157)
(0 1.557408 -2.18504 -0.1425465 1.157821 -3.380515 -0.2910062 0.871448 -6.799711 -0.4523157
 0 1.557408 -2.18504 -0.1425465 1.157821 -3.380515 -0.2910062 0.871448 -6.799711 -0.4523157)
((0 1.557408 -2.18504 -0.1425465 1.157821 -3.380515 -0.2910062 0.871448 -6.799711 -0.4523157
  0 1.557408 -2.18504 -0.1425465 1.157821 -3.380515 -0.2910062 0.871448 -6.799711 -0.4523157)
 (0 1.557408 -2.18504 -0.1425465 1.157821 -3.380515 -0.2910062 0.871448 -6.799711 -0.4523157
  0 1.557408 -2.18504 -0.1425465 1.157821 -3.380515 -0.2910062 0.871448 -6.799711 -0.4523157))
((0 1.557408 -2.18504 -0.1425465 1.157821 -3.380515 -0.2910062 0.871448 -6.799711 -0.4523157
  0 1.557408 -2.18504 -0.1425465 1.157821 -3.380515 -0.2910062 0.871448 -6.799711 -0.4523157)
 (0 1.557408 -2.18504 -0.1425465 1.157821 -3.380515 -0.2910062 0.871448 -6.799711 -0.4523157
  0 1.557408 -2.18504 -0.1425465 1.157821 -3.380515 -0.2910062 0.871448 -6.799711 -0.4523157))
0.0
0.0
-0.6483608
-0.6483608
0 -1.557408 2.18504 0.1425465 -1.157821 3.380515 0.2910062 -0.871448 6.799711 0.4523157
-0.1003347 1.260158 -2.927098 -0.2464054 0.9474246 -5.267493 -0.4031109 0.7091112 -21.71511 -0.5789236
0 -1.557408 2.18504 0.1425465 -1.157821 3.380515 0.2910062 -0.871448 6.799711 0.4523157
-0.1003347 -1.96476 1.709847 0.04161665 -1.423526 2.449389 0.1852622 -1.064893 3.982398 -0.4523157
(0 -1.557408 2.18504 0.1425465 -1.157821 3.380515 0.2910062 -0.871448 6.799711 0.4523157
 0 -1.557408 2.18504 0.1425465 -1.157821 3.380515 0.2910062 -0.871448 6.799711 0.4523157)
(-0.1003347 1.260158 -2.927098 -0.2464054 0.9474246 -5.267493 -0.4031109 0.7091112 -21.71511 0.4523157
 -0.1003347 1.260158 -2.927098 -0.2464054 0.9474246 -5.267493 -0.4031109 0.7091112 -21.71511 0.4523157)
((0 -1.557408 2.18504 0.1425465 -1.157821 3.380515 0.2910062 -0.871448 6.799711 0.4523157
  0 -1.557408 2.18504 0.1425465 -1.157821 3.380515 0.2910062 -0.871448 6.799711 0.4523157)
 (0 -1.557408 2.18504 0.1425465 -1.157821 3.380515 0.2910062 -0.871448 6.799711 0.4523157
  0 -1.557408 2.18504 0.1425465 -1.157821 3.380515 0.2910062 -0.871448 6.799711 0.4523157))
((-0.1003347 1.260158 -2.927098 -0.2464054 0.9474246 -5.267493 -0.4031109 0.7091112 -21.71511 0.4523157
  -0.1003347 1.260158 -2.927098 -0.2464054 0.9474246 -5.267493 -0.4031109 0.7091112 -21.71511 0.4523157)
 (-0.1003347 1.260158 -2.927098 -0.2464054 0.9474246 -5.267493 -0.4031109 0.7091112 -21.71511 0.4523157
  -0.1003347 1.260158 -2.927098 -0.2464054 0.9474246 -5.267493 -0.4031109 0.7091112 -21.71511 0.4523157))
0n 0n 0n
0n 0n 0n
0n 0n 0n 0n 0n 0n
0.0
0.0
0n
0n
0 1.570796 0n 0n 0n 0n 0n 0n 0n 0n
0 1.570796 0n 0n 0n 0n 0n 0n 0n 0n
0 1.570796 0n 0n 0n 0n 0n 0n 0n 0n
0 1.570796 0n 0n 0n 0n 0n 0n 0n 0n
(0 1.570796 0n 0n 0n 0n 0n 0n 0n 0n
 0 1.570796 0n 0n 0n 0n 0n 0n 0n 0n)
(0 1.570796 0n 0n 0n 0n 0n 0n 0n 0n
 0 1.570796 0n 0n 0n 0n 0n 0n 0n 0n)
((0 1.570796 0n 0n 0n 0n 0n 0n 0n 0n
  0 1.570796 0n 0n 0n 0n 0n 0n 0n 0n)
 (0 1.570796 0n 0n 0n 0n 0n 0n 0n 0n
  0 1.570796 0n 0n 0n 0n 0n 0n 0n 0n))
((0 1.570796 0n 0n 0n 0n 0n 0n 0n 0n
  0 1.570796 0n 0n 0n 0n 0n 0n 0n 0n)
 (0 1.570796 0n 0n 0n 0n 0n 0n 0n 0n
  0 1.570796 0n 0n 0n 0n 0n 0n 0n 0n))
0.0
0.0
0n
0n
0 -1.570796 0n 0n 0n 0n 0n 0n 0n 0n
-0.1001674 1.11977 0n 0n 0n 0n 0n 0n 0n 0n
0 -1.570796 0n 0n 0n 0n 0n 0n 0n 0n
-0.1001674 0n 0n 0n 0n 0n 0n 0n 0n 0n
(0 -1.570796 0n 0n 0n 0n 0n 0n 0n 0n
 0 -1.570796 0n 0n 0n 0n 0n 0n 0n 0n)
(-0.1001674 1.11977 0n 0n 0n 0n 0n 0n 0n 0n
 -0.1001674 1.11977 0n 0n 0n 0n 0n 0n 0n 0n)
((0 -1.570796 0n 0n 0n 0n 0n 0n 0n 0n
  0 -1.570796 0n 0n 0n 0n 0n 0n 0n 0n)
 (0 -1.570796 0n 0n 0n 0n 0n 0n 0n 0n
  0 -1.570796 0n 0n 0n 0n 0n 0n 0n 0n))
((-0.1001674 1.11977 0n 0n 0n 0n 0n 0n 0n 0n
  -0.1001674 1.11977 0n 0n 0n 0n 0n 0n 0n 0n)
 (-0.1001674 1.11977 0n 0n 0n 0n 0n 0n 0n 0n
  -0.1001674 1.11977 0n 0n 0n 0n 0n 0n 0n 0n))
0n 0n 0n
0n 0n 0n
0n 0n 0n 0n 0n 0n
1.570796
1.570796
0n
0n
1.570796 0 0n 0n 0n 0n 0n 0n 0n 0n
1.570796 0 0n 0n 0n 0n 0n 0n 0n 0n
1.570796 0 0n 0n 0n 0n 0n 0n 0n 0n
1.570796 0 0n 0n 0n 0n 0n 0n 0n 0n
(1.570796 0 0n 0n 0n 0n 0n 0n 0n 0n
 1.570796 0 0n 0n 0n 0n 0n 0n 0n 0n)
(1.570796 0 0n 0n 0n 0n 0n 0n 0n 0n
 1.570796 0 0n 0n 0n 0n 0n 0n 0n 0n)
((1.570796 0 0n 0n 0n 0n 0n 0n 0n 0n
  1.570796 0 0n 0n 0n 0n 0n 0n 0n 0n)
 (1.570796 0 0n 0n 0n 0n 0n 0n 0n 0n
  1.570796 0 0n 0n 0n 0n 0n 0n 0n 0n))
((1.570796 0 0n 0n 0n 0n 0n 0n 0n 0n
  1.570796 0 0n 0n 0n 0n 0n 0n 0n 0n)
 (1.570796 0 0n 0n 0n 0n 0n 0n 0n 0n
  1.570796 0 0n 0n 0n 0n 0n 0n 0n 0n))
1.570796
1.570796
0n
0n
1.570796 3.141593 0n 0n 0n 0n 0n 0n 0n 0n
1.670964 0.4510268 0n 0n 0n 0n 0n 0n 0n 0n
1.570796 3.141593 0n 0n 0n 0n 0n 0n 0n 0n
1.670964 0n 0n 0n 0n 0n 0n 0n 0n 0n
(1.570796 3.141593 0n 0n 0n 0n 0n 0n 0n 0n
 1.570796 3.141593 0n 0n 0n 0n 0n 0n 0n 0n)
(1.670964 0.4510268 0n 0n 0n 0n 0n 0n 0n 0n
 1.670964 0.4510268 0n 0n 0n 0n 0n 0n 0n 0n)
((1.570796 3.141593 0n 0n 0n 0n 0n 0n 0n 0n
  1.570796 3.141593 0n 0n 0n 0n 0n 0n 0n 0n)
 (1.570796 3.141593 0n 0n 0n 0n 0n 0n 0n 0n
  1.570796 3.141593 0n 0n 0n 0n 0n 0n 0n 0n))
((1.670964 0.4510268 0n 0n 0n 0n 0n 0n 0n 0n
  1.670964 0.4510268 0n 0n 0n 0n 0n 0n 0n 0n)
 (1.670964 0.4510268 0n 0n 0n 0n 0n 0n 0n 0n
  1.670964 0.4510268 0n 0n 0n 0n 0n 0n 0n 0n))
0n 0n 0n
0n 0n 0n
0n 0n 0n 0n 0n 0n
0.0
0.0
1.471128
1.471128
0 0.7853982 1.107149 1.249046 1.325818 1.373401 1.405648 1.428899 1.446441 1.460139
0 0.7853982 1.107149 1.249046 1.325818 1.373401 1.405648 1.428899 1.446441 1.460139
0 0.7853982 1.107149 1.249046 1.325818 1.373401 1.405648 1.428899 1.446441 1.460139
0 0.7853982 1.107149 1.249046 1.325818 1.373401 1.405648 1.428899 1.446441 1.460139
(0 0.7853982 1.107149 1.249046 1.325818 1.373401 1.405648 1.428899 1.446441 1.460139
 0 0.7853982 1.107149 1.249046 1.325818 1.373401 1.405648 1.428899 1.446441 1.460139)
(0 0.7853982 1.107149 1.249046 1.325818 1.373401 1.405648 1.428899 1.446441 1.460139
 0 0.7853982 1.107149 1.249046 1.325818 1.373401 1.405648 1.428899 1.446441 1.460139)
((0 0.7853982 1.107149 1.249046 1.325818 1.373401 1.405648 1.428899 1.446441 1.460139
  0 0.7853982 1.107149 1.249046 1.325818 1.373401 1.405648 1.428899 1.446441 1.460139)
 (0 0.7853982 1.107149 1.249046 1.325818 1.373401 1.405648 1.428899 1.446441 1.460139
  0 0.7853982 1.107149 1.249046 1.325818 1.373401 1.405648 1.428899 1.446441 1.460139))
((0 0.7853982 1.107149 1.249046 1.325818 1.373401 1.405648 1.428899 1.446441 1.460139
  0 0.7853982 1.107149 1.249046 1.325818 1.373401 1.405648 1.428899 1.446441 1.460139)
 (0 0.7853982 1.107149 1.249046 1.325818 1.373401 1.405648 1.428899 1.446441 1.460139
  0 0.7853982 1.107149 1.249046 1.325818 1.373401 1.405648 1.428899 1.446441 1.460139))
0.0
0.0
-1.471128
-1.471128
0 -0.7853982 -1.107149 -1.249046 -1.325818 -1.373401 -1.405648 -1.428899 -1.446441 -1.460139
-0.09966865 0.7328151 1.086318 1.238737 1.319794 1.369479 1.4029 1.426871 1.444884 1.458906
0 -0.7853982 -1.107149 -1.249046 -1.325818 -1.373401 -1.405648 -1.428899 -1.446441 -1.460139
-0.09966865 -0.8329813 -1.126377 -1.258754 -1.331565 -1.377174 -1.408307 -1.430872 -1.447961 1.460139
(0 -0.7853982 -1.107149 -1.249046 -1.325818 -1.373401 -1.405648 -1.428899 -1.446441 -1.460139
 0 -0.7853982 -1.107149 -1.249046 -1.325818 -1.373401 -1.405648 -1.428899 -1.446441 -1.460139)
(-0.09966865 0.7328151 1.086318 1.238737 1.319794 1.369479 1.4029 1.426871 1.444884 -1.460139
 -0.09966865 0.7328151 1.086318 1.238737 1.319794 1.369479 1.4029 1.426871 1.444884 -1.460139)
((0 -0.7853982 -1.107149 -1.249046 -1.325818 -1.373401 -1.405648 -1.428899 -1.446441 -1.460139
  0 -0.7853982 -1.107149 -1.249046 -1.325818 -1.373401 -1.405648 -1.428899 -1.446441 -1.460139)
 (0 -0.7853982 -1.107149 -1.249046 -1.325818 -1.373401 -1.405648 -1.428899 -1.446441 -1.460139
  0 -0.7853982 -1.107149 -1.249046 -1.325818 -1.373401 -1.405648 -1.428899 -1.446441 -1.460139))
((-0.09966865 0.7328151 1.086318 1.238737 1.319794 1.369479 1.4029 1.426871 1.444884 -1.460139
  -0.09966865 0.7328151 1.086318 1.238737 1.319794 1.369479 1.4029 1.426871 1.444884 -1.460139)
 (-0.09966865 0.7328151 1.086318 1.238737 1.319794 1.369479 1.4029 1.426871 1.444884 -1.460139
  -0.09966865 0.7328151 1.086318 1.238737 1.319794 1.369479 1.4029 1.426871 1.444884 -1.460139))
1.570796 0n -1.570796
1.570796 0n -1.570796
1.570796 0n -1.570796 1.570796 0n -1.570796
0.0
0.0
11013.23
11013.23
0 1.175201 3.62686 10.01787 27.28992 74.20321 201.7132 548.3161 1490.479 4051.542
0 1.175201 3.62686 10.01787 27.28992 74.20321 201.7132 548.3161 1490.479 4051.542
0 1.175201 3.62686 10.01787 27.28992 74.20321 201.7132 548.3161 1490.479 4051.542
0 1.175201 3.62686 10.01787 27.28992 74.20321 201.7132 548.3161 1490.479 4051.542
(0 1.175201 3.62686 10.01787 27.28992 74.20321 201.7132 548.3161 1490.479 4051.542
 0 1.175201 3.62686 10.01787 27.28992 74.20321 201.7132 548.3161 1490.479 4051.542)
(0 1.175201 3.62686 10.01787 27.28992 74.20321 201.7132 548.3161 1490.479 4051.542
 0 1.175201 3.62686 10.01787 27.28992 74.20321 201.7132 548.3161 1490.479 4051.542)
((0 1.175201 3.62686 10.01787 27.28992 74.20321 201.7132 548.3161 1490.479 4051.542
  0 1.175201 3.62686 10.01787 27.28992 74.20321 201.7132 548.3161 1490.479 4051.542)
 (0 1.175201 3.62686 10.01787 27.28992 74.20321 201.7132 548.3161 1490.479 4051.542
  0 1.175201 3.62686 10.01787 27.28992 74.20321 201.7132 548.3161 1490.479 4051.542))
((0 1.175201 3.62686 10.01787 27.28992 74.20321 201.7132 548.3161 1490.479 4051.542
  0 1.175201 3.62686 10.01787 27.28992 74.20321 201.7132 548.3161 1490.479 4051.542)
 (0 1.175201 3.62686 10.01787 27.28992 74.20321 201.7132 548.3161 1490.479 4051.542
  0 1.175201 3.62686 10.01787 27.28992 74.20321 201.7132 548.3161 1490.479 4051.542))
0.0
0.0
-11013.23
-11013.23
0 -1.175201 -3.62686 -10.01787 -27.28992 -74.20321 -201.7132 -548.3161 -1490.479 -4051.542
-0.1001668 1.026517 3.268163 9.059561 24.6911 67.14117 182.5174 496.1369 1348.641 3665.987
0 -1.175201 -3.62686 -10.01787 -27.28992 -74.20321 -201.7132 -548.3161 -1490.479 -4051.542
-0.1001668 -1.335647 -4.021857 -11.07645 -30.16186 -82.00791 -222.9278 -605.9831 -1647.234 4051.542
(0 -1.175201 -3.62686 -10.01787 -27.28992 -74.20321 -201.7132 -548.3161 -1490.479 -4051.542
 0 -1.175201 -3.62686 -10.01787 -27.28992 -74.20321 -201.7132 -548.3161 -1490.479 -4051.542)
(-0.1001668 1.026517 3.268163 9.059561 24.6911 67.14117 182.5174 496.1369 1348.641 -4051.542
 -0.1001668 1.026517 3.268163 9.059561 24.6911 67.14117 182.5174 496.1369 1348.641 -4051.542)
((0 -1.175201 -3.62686 -10.01787 -27.28992 -74.20321 -201.7132 -548.3161 -1490.479 -4051.542
  0 -1.175201 -3.62686 -10.01787 -27.28992 -74.20321 -201.7132 -548.3161 -1490.479 -4051.542)
 (0 -1.175201 -3.62686 -10.01787 -27.28992 -74.20321 -201.7132 -548.3161 -1490.479 -4051.542
  0 -1.175201 -3.62686 -10.01787 -27.28992 -74.20321 -201.7132 -548.3161 -1490.479 -4051.542))
((-0.1001668 1.026517 3.268163 9.059561 24.6911 67.14117 182.5174 496.1369 1348.641 -4051.542
  -0.1001668 1.026517 3.268163 9.059561 24.6911 67.14117 182.5174 496.1369 1348.641 -4051.542)
 (-0.1001668 1.026517 3.268163 9.059561 24.6911 67.14117 182.5174 496.1369 1348.641 -4051.542
  -0.1001668 1.026517 3.268163 9.059561 24.6911 67.14117 182.5174 496.1369 1348.641 -4051.542))
0i 0n -0i
0i 0n -0i
0i 0n -0i 0i 0n -0i
1.0
1.0
11013.23
11013.23
1 1.543081 3.762196 10.06766 27.30823 74.20995 201.7156 548.317 1490.479 4051.542
1 1.543081 3.762196 10.06766 27.30823 74.20995 201.7156 548.317 1490.479 4051.542
1 1.543081 3.762196 10.06766 27.30823 74.20995 201.7156 548.317 1490.479 4051.542
1 1.543081 3.762196 10.06766 27.30823 74.20995 201.7156 548.317 1490.479 4051.542
(1 1.543081 3.762196 10.06766 27.30823 74.20995 201.7156 548.317 1490.479 4051.542
 1 1.543081 3.762196 10.06766 27.30823 74.20995 201.7156 548.317 1490.479 4051.542)
(1 1.543081 3.762196 10.06766 27.30823 74.20995 201.7156 548.317 1490.479 4051.542
 1 1.543081 3.762196 10.06766 27.30823 74.20995 201.7156 548.317 1490.479 4051.542)
((1 1.543081 3.762196 10.06766 27.30823 74.20995 201.7156 548.317 1490.479 4051.542
  1 1.543081 3.762196 10.06766 27.30823 74.20995 201.7156 548.317 1490.479 4051.542)
 (1 1.543081 3.762196 10.06766 27.30823 74.20995 201.7156 548.317 1490.479 4051.542
  1 1.543081 3.762196 10.06766 27.30823 74.20995 201.7156 548.317 1490.479 4051.542))
((1 1.543081 3.762196 10.06766 27.30823 74.20995 201.7156 548.317 1490.479 4051.542
  1 1.543081 3.762196 10.06766 27.30823 74.20995 201.7156 548.317 1490.479 4051.542)
 (1 1.543081 3.762196 10.06766 27.30823 74.20995 201.7156 548.317 1490.479 4051.542
  1 1.543081 3.762196 10.06766 27.30823 74.20995 201.7156 548.317 1490.479 4051.542))
1.0
1.0
11013.23
11013.23
1 1.543081 3.762196 10.06766 27.30823 74.20995 201.7156 548.317 1490.479 4051.542
1.005004 1.433086 3.417732 9.114584 24.71135 67.14861 182.5201 496.1379 1348.641 3665.987
1 1.543081 3.762196 10.06766 27.30823 74.20995 201.7156 548.317 1490.479 4051.542
1.005004 1.668519 4.144313 11.1215 30.17843 82.014 222.93 605.9839 1647.234 4051.542
(1 1.543081 3.762196 10.06766 27.30823 74.20995 201.7156 548.317 1490.479 4051.542
 1 1.543081 3.762196 10.06766 27.30823 74.20995 201.7156 548.317 1490.479 4051.542)
(1.005004 1.433086 3.417732 9.114584 24.71135 67.14861 182.5201 496.1379 1348.641 4051.542
 1.005004 1.433086 3.417732 9.114584 24.71135 67.14861 182.5201 496.1379 1348.641 4051.542)
((1 1.543081 3.762196 10.06766 27.30823 74.20995 201.7156 548.317 1490.479 4051.542
  1 1.543081 3.762196 10.06766 27.30823 74.20995 201.7156 548.317 1490.479 4051.542)
 (1 1.543081 3.762196 10.06766 27.30823 74.20995 201.7156 548.317 1490.479 4051.542
  1 1.543081 3.762196 10.06766 27.30823 74.20995 201.7156 548.317 1490.479 4051.542))
((1.005004 1.433086 3.417732 9.114584 24.71135 67.14861 182.5201 496.1379 1348.641 4051.542
  1.005004 1.433086 3.417732 9.114584 24.71135 67.14861 182.5201 496.1379 1348.641 4051.542)
 (1.005004 1.433086 3.417732 9.114584 24.71135 67.14861 182.5201 496.1379 1348.641 4051.542
  1.005004 1.433086 3.417732 9.114584 24.71135 67.14861 182.5201 496.1379 1348.641 4051.542))
0i 0n 0i
0i 0n 0i
0i 0n 0i 0i 0n 0i
0.0
0.0
1.0
1.0
0 0.7615942 0.9640276 0.9950548 0.9993293 0.9999092 0.9999877 0.9999983 0.9999998 1
0 0.7615942 0.9640276 0.9950548 0.9993293 0.9999092 0.9999877 0.9999983 0.9999998 1
0 0.7615942 0.9640276 0.9950548 0.9993293 0.9999092 0.9999877 0.9999983 0.9999998 1
0 0.7615942 0.9640276 0.9950548 0.9993293 0.9999092 0.9999877 0.9999983 0.9999998 1
(0 0.7615942 0.9640276 0.9950548 0.9993293 0.9999092 0.9999877 0.9999983 0.9999998 1
 0 0.7615942 0.9640276 0.9950548 0.9993293 0.9999092 0.9999877 0.9999983 0.9999998 1)
(0 0.7615942 0.9640276 0.9950548 0.9993293 0.9999092 0.9999877 0.9999983 0.9999998 1
 0 0.7615942 0.9640276 0.9950548 0.9993293 0.9999092 0.9999877 0.9999983 0.9999998 1)
((0 0.7615942 0.9640276 0.9950548 0.9993293 0.9999092 0.9999877 0.9999983 0.9999998 1
  0 0.7615942 0.9640276 0.9950548 0.9993293 0.9999092 0.9999877 0.9999983 0.9999998 1)
 (0 0.7615942 0.9640276 0.9950548 0.9993293 0.9999092 0.9999877 0.9999983 0.9999998 1
  0 0.7615942 0.9640276 0.9950548 0.9993293 0.9999092 0.9999877 0.9999983 0.9999998 1))
((0 0.7615942 0.9640276 0.9950548 0.9993293 0.9999092 0.9999877 0.9999983 0.9999998 1
  0 0.7615942 0.9640276 0.9950548 0.9993293 0.9999092 0.9999877 0.9999983 0.9999998 1)
 (0 0.7615942 0.9640276 0.9950548 0.9993293 0.9999092 0.9999877 0.9999983 0.9999998 1
  0 0.7615942 0.9640276 0.9950548 0.9993293 0.9999092 0.9999877 0.9999983 0.9999998 1))
0.0
0.0
-1.0
-1.0
0 -0.7615942 -0.9640276 -0.9950548 -0.9993293 -0.9999092 -0.9999877 -0.9999983 -0.9999998 -1
-0.09966799 0.7162979 0.9562375 0.9939632 0.9991809 0.9998891 0.999985 0.999998 0.9999997 1
0 -0.7615942 -0.9640276 -0.9950548 -0.9993293 -0.9999092 -0.9999877 -0.9999983 -0.9999998 -1
-0.09966799 -0.800499 -0.9704519 -0.9959494 -0.9994508 -0.9999257 -0.9999899 -0.9999986 -0.9999998 1
(0 -0.7615942 -0.9640276 -0.9950548 -0.9993293 -0.9999092 -0.9999877 -0.9999983 -0.9999998 -1
 0 -0.7615942 -0.9640276 -0.9950548 -0.9993293 -0.9999092 -0.9999877 -0.9999983 -0.9999998 -1)
(-0.09966799 0.7162979 0.9562375 0.9939632 0.9991809 0.9998891 0.999985 0.999998 0.9999997 -1
 -0.09966799 0.7162979 0.9562375 0.9939632 0.9991809 0.9998891 0.999985 0.999998 0.9999997 -1)
((0 -0.7615942 -0.9640276 -0.9950548 -0.9993293 -0.9999092 -0.9999877 -0.9999983 -0.9999998 -1
  0 -0.7615942 -0.9640276 -0.9950548 -0.9993293 -0.9999092 -0.9999877 -0.9999983 -0.9999998 -1)
 (0 -0.7615942 -0.9640276 -0.9950548 -0.9993293 -0.9999092 -0.9999877 -0.9999983 -0.9999998 -1
  0 -0.7615942 -0.9640276 -0.9950548 -0.9993293 -0.9999092 -0.9999877 -0.9999983 -0.9999998 -1))
((-0.09966799 0.7162979 0.9562375 0.9939632 0.9991809 0.9998891 0.999985 0.999998 0.9999997 -1
  -0.09966799 0.7162979 0.9562375 0.9939632 0.9991809 0.9998891 0.999985 0.999998 0.9999997 -1)
 (-0.09966799 0.7162979 0.9562375 0.9939632 0.9991809 0.9998891 0.999985 0.999998 0.9999997 -1
  -0.09966799 0.7162979 0.9562375 0.9939632 0.9991809 0.9998891 0.999985 0.999998 0.9999997 -1))
1 0n -1
1 0n -1
1 0n -1 1 0n -1
0.0
0.0
1.0
1.0
0 0.8427008 0.9953223 0.9999779 1 1 1 1 1 1
0 0.8427008 0.9953223 0.9999779 1 1 1 1 1 1
0 0.8427008 0.9953223 0.9999779 1 1 1 1 1 1
0 0.8427008 0.9953223 0.9999779 1 1 1 1 1 1
(0 0.8427008 0.9953223 0.9999779 1 1 1 1 1 1
 0 0.8427008 0.9953223 0.9999779 1 1 1 1 1 1)
(0 0.8427008 0.9953223 0.9999779 1 1 1 1 1 1
 0 0.8427008 0.9953223 0.9999779 1 1 1 1 1 1)
((0 0.8427008 0.9953223 0.9999779 1 1 1 1 1 1
  0 0.8427008 0.9953223 0.9999779 1 1 1 1 1 1)
 (0 0.8427008 0.9953223 0.9999779 1 1 1 1 1 1
  0 0.8427008 0.9953223 0.9999779 1 1 1 1 1 1))
((0 0.8427008 0.9953223 0.9999779 1 1 1 1 1 1
  0 0.8427008 0.9953223 0.9999779 1 1 1 1 1 1)
 (0 0.8427008 0.9953223 0.9999779 1 1 1 1 1 1
  0 0.8427008 0.9953223 0.9999779 1 1 1 1 1 1))
0.0
0.0
-1.0
-1.0
0 -0.8427008 -0.9953223 -0.9999779 -1 -1 -1 -1 -1 -1
-0.1124629 0.7969082 0.9927904 0.9999589 1 1 1 1 1 1
0 -0.8427008 -0.9953223 -0.9999779 -1 -1 -1 -1 -1 -1
-0.1124629 -0.8802051 -0.9970205 -0.9999884 -1 -1 -1 -1 -1 1
(0 -0.8427008 -0.9953223 -0.9999779 -1 -1 -1 -1 -1 -1
 0 -0.8427008 -0.9953223 -0.9999779 -1 -1 -1 -1 -1 -1)
(-0.1124629 0.7969082 0.9927904 0.9999589 1 1 1 1 1 -1
 -0.1124629 0.7969082 0.9927904 0.9999589 1 1 1 1 1 -1)
((0 -0.8427008 -0.9953223 -0.9999779 -1 -1 -1 -1 -1 -1
  0 -0.8427008 -0.9953223 -0.9999779 -1 -1 -1 -1 -1 -1)
 (0 -0.8427008 -0.9953223 -0.9999779 -1 -1 -1 -1 -1 -1
  0 -0.8427008 -0.9953223 -0.9999779 -1 -1 -1 -1 -1 -1))
((-0.1124629 0.7969082 0.9927904 0.9999589 1 1 1 1 1 -1
  -0.1124629 0.7969082 0.9927904 0.9999589 1 1 1 1 1 -1)
 (-0.1124629 0.7969082 0.9927904 0.9999589 1 1 1 1 1 -1
  -0.1124629 0.7969082 0.9927904 0.9999589 1 1 1 1 1 -1))
1 0n -1
1 0n -1
1 0n -1 1 0n -1
1.0
1.0
2.088488e-45
2.088488e-45
1 0.1572992 0.004677735 2.20905e-05 1.541726e-08 1.53746e-12 2.151974e-17 4.183826e-23 1.12243e-29 4.137032e-37
1 0.1572992 0.004677735 2.20905e-05 1.541726e-08 1.53746e-12 2.151974e-17 4.183826e-23 1.12243e-29 4.137032e-37
1 0.1572992 0.004677735 2.20905e-05 1.541726e-08 1.53746e-12 2.151974e-17 4.183826e-23 1.12243e-29 4.137032e-37
1 0.1572992 0.004677735 2.20905e-05 1.541726e-08 1.53746e-12 2.151974e-17 4.183826e-23 1.12243e-29 4.137032e-37
(1 0.1572992 0.004677735 2.20905e-05 1.541726e-08 1.53746e-12 2.151974e-17 4.183826e-23 1.12243e-29 4.137032e-37
 1 0.1572992 0.004677735 2.20905e-05 1.541726e-08 1.53746e-12 2.151974e-17 4.183826e-23 1.12243e-29 4.137032e-37)
(1 0.1572992 0.004677735 2.20905e-05 1.541726e-08 1.53746e-12 2.151974e-17 4.183826e-23 1.12243e-29 4.137032e-37
 1 0.1572992 0.004677735 2.20905e-05 1.541726e-08 1.53746e-12 2.151974e-17 4.183826e-23 1.12243e-29 4.137032e-37)
((1 0.1572992 0.004677735 2.20905e-05 1.541726e-08 1.53746e-12 2.151974e-17 4.183826e-23 1.12243e-29 4.137032e-37
  1 0.1572992 0.004677735 2.20905e-05 1.541726e-08 1.53746e-12 2.151974e-17 4.183826e-23 1.12243e-29 4.137032e-37)
 (1 0.1572992 0.004677735 2.20905e-05 1.541726e-08 1.53746e-12 2.151974e-17 4.183826e-23 1.12243e-29 4.137032e-37
  1 0.1572992 0.004677735 2.20905e-05 1.541726e-08 1.53746e-12 2.151974e-17 4.183826e-23 1.12243e-29 4.137032e-37))
((1 0.1572992 0.004677735 2.20905e-05 1.541726e-08 1.53746e-12 2.151974e-17 4.183826e-23 1.12243e-29 4.137032e-37
  1 0.1572992 0.004677735 2.20905e-05 1.541726e-08 1.53746e-12 2.151974e-17 4.183826e-23 1.12243e-29 4.137032e-37)
 (1 0.1572992 0.004677735 2.20905e-05 1.541726e-08 1.53746e-12 2.151974e-17 4.183826e-23 1.12243e-29 4.137032e-37
  1 0.1572992 0.004677735 2.20905e-05 1.541726e-08 1.53746e-12 2.151974e-17 4.183826e-23 1.12243e-29 4.137032e-37))
1.0
1.0
2.0
2.0
1 1.842701 1.995322 1.999978 2 2 2 2 2 2
1.112463 0.2030918 0.007209571 4.109788e-05 3.479225e-08 4.218937e-12 7.19041e-17 1.703604e-22 5.572718e-29 2.505357e-36
1 1.842701 1.995322 1.999978 2 2 2 2 2 2
1.112463 1.880205 1.997021 1.999988 2 2 2 2 2 4.137032e-37
(1 1.842701 1.995322 1.999978 2 2 2 2 2 2
 1 1.842701 1.995322 1.999978 2 2 2 2 2 2)
(1.112463 0.2030918 0.007209571 4.109788e-05 3.479225e-08 4.218937e-12 7.19041e-17 1.703604e-22 5.572718e-29 2
 1.112463 0.2030918 0.007209571 4.109788e-05 3.479225e-08 4.218937e-12 7.19041e-17 1.703604e-22 5.572718e-29 2)
((1 1.842701 1.995322 1.999978 2 2 2 2 2 2
  1 1.842701 1.995322 1.999978 2 2 2 2 2 2)
 (1 1.842701 1.995322 1.999978 2 2 2 2 2 2
  1 1.842701 1.995322 1.999978 2 2 2 2 2 2))
((1.112463 0.2030918 0.007209571 4.109788e-05 3.479225e-08 4.218937e-12 7.19041e-17 1.703604e-22 5.572718e-29 2
  1.112463 0.2030918 0.007209571 4.109788e-05 3.479225e-08 4.218937e-12 7.19041e-17 1.703604e-22 5.572718e-29 2)
 (1.112463 0.2030918 0.007209571 4.109788e-05 3.479225e-08 4.218937e-12 7.19041e-17 1.703604e-22 5.572718e-29 2
  1.112463 0.2030918 0.007209571 4.109788e-05 3.479225e-08 4.218937e-12 7.19041e-17 1.703604e-22 5.572718e-29 2))
0 0n 2
0 0n 2
0 0n 2 0 0n 2
0i
0i
362880.0
362880.0
0i 1 1 2 6 24 120 720 5040 40320
0i 1 1 2 6 24 120 720 5040 40320
0i 1 1 2 6 24 120 720 5040 40320
0i 1 1 2 6 24 120 720 5040 40320
(0i 1 1 2 6 24 120 720 5040 40320
 0i 1 1 2 6 24 120 720 5040 40320)
(0i 1 1 2 6 24 120 720 5040 40320
 0i 1 1 2 6 24 120 720 5040 40320)
((0i 1 1 2 6 24 120 720 5040 40320
  0i 1 1 2 6 24 120 720 5040 40320)
 (0i 1 1 2 6 24 120 720 5040 40320
  0i 1 1 2 6 24 120 720 5040 40320))
((0i 1 1 2 6 24 120 720 5040 40320
  0i 1 1 2 6 24 120 720 5040 40320)
 (0i 1 1 2 6 24 120 720 5040 40320
  0i 1 1 2 6 24 120 720 5040 40320))
0i
-0i
0n
0n
0i 0n 0n 0n 0n 0n 0n 0n 0n 0n
-10.68629 1.068629 0.9617658 1.827355 5.29933 20.66739 101.2702 597.4941 4122.709 32569.4
0i 0n 0n 0n 0n 0n 0n 0n 0n 0n
-10.68629 9.714806 -4.626098 1.49229 -0.3639731 0.07136728 -0.01169955 0.001647824 -0.0002034351 40320
(0i 0n 0n 0n 0n 0n 0n 0n 0n 0n
 0i 0n 0n 0n 0n 0n 0n 0n 0n 0n)
(-10.68629 1.068629 0.9617658 1.827355 5.29933 20.66739 101.2702 597.4941 4122.709 0n
 -10.68629 1.068629 0.9617658 1.827355 5.29933 20.66739 101.2702 597.4941 4122.709 0n)
((0i 0n 0n 0n 0n 0n 0n 0n 0n 0n
  0i 0n 0n 0n 0n 0n 0n 0n 0n 0n)
 (0i 0n 0n 0n 0n 0n 0n 0n 0n 0n
  0i 0n 0n 0n 0n 0n 0n 0n 0n 0n))
((-10.68629 1.068629 0.9617658 1.827355 5.29933 20.66739 101.2702 597.4941 4122.709 0n
  -10.68629 1.068629 0.9617658 1.827355 5.29933 20.66739 101.2702 597.4941 4122.709 0n)
 (-10.68629 1.068629 0.9617658 1.827355 5.29933 20.66739 101.2702 597.4941 4122.709 0n
  -10.68629 1.068629 0.9617658 1.827355 5.29933 20.66739 101.2702 597.4941 4122.709 0n))
0i 0n 0n
0i 0n 0n
0i 0n 0n 0i 0n 0n
0i
0i
12.80183
12.80183
0i 0 0 0.6931472 1.791759 3.178054 4.787492 6.579251 8.525161 10.6046
0i 0 0 0.6931472 1.791759 3.178054 4.787492 6.579251 8.525161 10.6046
0i 0 0 0.6931472 1.791759 3.178054 4.787492 6.579251 8.525161 10.6046
0i 0 0 0.6931472 1.791759 3.178054 4.787492 6.579251 8.525161 10.6046
(0i 0 0 0.6931472 1.791759 3.178054 4.787492 6.579251 8.525161 10.6046
 0i 0 0 0.6931472 1.791759 3.178054 4.787492 6.579251 8.525161 10.6046)
(0i 0 0 0.6931472 1.791759 3.178054 4.787492 6.579251 8.525161 10.6046
 0i 0 0 0.6931472 1.791759 3.178054 4.787492 6.579251 8.525161 10.6046)
((0i 0 0 0.6931472 1.791759 3.178054 4.787492 6.579251 8.525161 10.6046
  0i 0 0 0.6931472 1.791759 3.178054 4.787492 6.579251 8.525161 10.6046)
 (0i 0 0 0.6931472 1.791759 3.178054 4.787492 6.579251 8.525161 10.6046
  0i 0 0 0.6931472 1.791759 3.178054 4.787492 6.579251 8.525161 10.6046))
((0i 0 0 0.6931472 1.791759 3.178054 4.787492 6.579251 8.525161 10.6046
  0i 0 0 0.6931472 1.791759 3.178054 4.787492 6.579251 8.525161 10.6046)
 (0i 0 0 0.6931472 1.791759 3.178054 4.787492 6.579251 8.525161 10.6046
  0i 0 0 0.6931472 1.791759 3.178054 4.787492 6.579251 8.525161 10.6046))
0i
0i
0i
0i
0i 0i 0i 0i 0i 0i 0i 0i 0i 0i
2.368961 0.06637624 -0.03898428 0.6028696 1.66758 3.028557 4.617792 6.392744 8.324266 10.39113
0i 0i 0i 0i 0i 0i 0i 0i 0i 0i
2.368961 2.273651 1.531714 0.4003117 -1.010675 -2.639916 -4.448205 -6.408299 -8.500163 10.6046
(0i 0i 0i 0i 0i 0i 0i 0i 0i 0i
 0i 0i 0i 0i 0i 0i 0i 0i 0i 0i)
(2.368961 0.06637624 -0.03898428 0.6028696 1.66758 3.028557 4.617792 6.392744 8.324266 0i
 2.368961 0.06637624 -0.03898428 0.6028696 1.66758 3.028557 4.617792 6.392744 8.324266 0i)
((0i 0i 0i 0i 0i 0i 0i 0i 0i 0i
  0i 0i 0i 0i 0i 0i 0i 0i 0i 0i)
 (0i 0i 0i 0i 0i 0i 0i 0i 0i 0i
  0i 0i 0i 0i 0i 0i 0i 0i 0i 0i))
((2.368961 0.06637624 -0.03898428 0.6028696 1.66758 3.028557 4.617792 6.392744 8.324266 0i
  2.368961 0.06637624 -0.03898428 0.6028696 1.66758 3.028557 4.617792 6.392744 8.324266 0i)
 (2.368961 0.06637624 -0.03898428 0.6028696 1.66758 3.028557 4.617792 6.392744 8.324266 0i
  2.368961 0.06637624 -0.03898428 0.6028696 1.66758 3.028557 4.617792 6.392744 8.324266 0i))
0i 0n 0i
0i 0n 0i
0i 0n 0i 0i 0n 0i
0.0
0.0
10.0
10.0
0 1 2 3 4 5 6 7 8 9.0
0 1 2 3 4 5 6 7 8 9.0
0 1 2 3 4 5 6 7 8 9.0
0 1 2 3 4 5 6 7 8 9.0
(0 1 2 3 4 5 6 7 8 9.0
 0 1 2 3 4 5 6 7 8 9.0)
(0 1 2 3 4 5 6 7 8 9.0
 0 1 2 3 4 5 6 7 8 9.0)
((0 1 2 3 4 5 6 7 8 9.0
  0 1 2 3 4 5 6 7 8 9.0)
 (0 1 2 3 4 5 6 7 8 9.0
  0 1 2 3 4 5 6 7 8 9.0))
((0 1 2 3 4 5 6 7 8 9.0
  0 1 2 3 4 5 6 7 8 9.0)
 (0 1 2 3 4 5 6 7 8 9.0
  0 1 2 3 4 5 6 7 8 9.0))
0.0
0.0
-10.0
-10.0
0 -1 -2 -3 -4 -5 -6 -7 -8 -9.0
0 1 2 3 4 5 6 7 8 9.0
0 -1 -2 -3 -4 -5 -6 -7 -8 -9.0
0 -1 -2 -3 -4 -5 -6 -7 -8 9.0
(0 -1 -2 -3 -4 -5 -6 -7 -8 -9.0
 0 -1 -2 -3 -4 -5 -6 -7 -8 -9.0)
(0 1 2 3 4 5 6 7 8 -9.0
 0 1 2 3 4 5 6 7 8 -9.0)
((0 -1 -2 -3 -4 -5 -6 -7 -8 -9.0
  0 -1 -2 -3 -4 -5 -6 -7 -8 -9.0)
 (0 -1 -2 -3 -4 -5 -6 -7 -8 -9.0
  0 -1 -2 -3 -4 -5 -6 -7 -8 -9.0))
((0 1 2 3 4 5 6 7 8 -9.0
  0 1 2 3 4 5 6 7 8 -9.0)
 (0 1 2 3 4 5 6 7 8 -9.0
  0 1 2 3 4 5 6 7 8 -9.0))
0i 0n -0i
0i 0n -0i
0i 0n -0i 0i 0n -0i
0.0
0.0
10.0
10.0
0 1 2 3 4 5 6 7 8 9.0
0 1 2 3 4 5 6 7 8 9.0
0 1 2 3 4 5 6 7 8 9.0
0 1 2 3 4 5 6 7 8 9.0
(0 1 2 3 4 5 6 7 8 9.0
 0 1 2 3 4 5 6 7 8 9.0)
(0 1 2 3 4 5 6 7 8 9.0
 0 1 2 3 4 5 6 7 8 9.0)
((0 1 2 3 4 5 6 7 8 9.0
  0 1 2 3 4 5 6 7 8 9.0)
 (0 1 2 3 4 5 6 7 8 9.0
  0 1 2 3 4 5 6 7 8 9.0))
((0 1 2 3 4 5 6 7 8 9.0
  0 1 2 3 4 5 6 7 8 9.0)
 (0 1 2 3 4 5 6 7 8 9.0
  0 1 2 3 4 5 6 7 8 9.0))
0.0
0.0
-10.0
-10.0
0 -1 -2 -3 -4 -5 -6 -7 -8 -9.0
0 0 1 2 3 4 5 6 7 8.0
0 -1 -2 -3 -4 -5 -6 -7 -8 -9.0
0 -1 -2 -3 -4 -5 -6 -7 -8 9.0
(0 -1 -2 -3 -4 -5 -6 -7 -8 -9.0
 0 -1 -2 -3 -4 -5 -6 -7 -8 -9.0)
(0 0 1 2 3 4 5 6 7 -9.0
 0 0 1 2 3 4 5 6 7 -9.0)
((0 -1 -2 -3 -4 -5 -6 -7 -8 -9.0
  0 -1 -2 -3 -4 -5 -6 -7 -8 -9.0)
 (0 -1 -2 -3 -4 -5 -6 -7 -8 -9.0
  0 -1 -2 -3 -4 -5 -6 -7 -8 -9.0))
((0 0 1 2 3 4 5 6 7 -9.0
  0 0 1 2 3 4 5 6 7 -9.0)
 (0 0 1 2 3 4 5 6 7 -9.0
  0 0 1 2 3 4 5 6 7 -9.0))
0i 0n -0i
0i 0n -0i
0i 0n -0i 0i 0n -0i
-0i
-0i
2.302585
2.302585
-0i 0 0.6931472 1.098612 1.386294 1.609438 1.791759 1.94591 2.079442 2.197225
-0i 0 0.6931472 1.098612 1.386294 1.609438 1.791759 1.94591 2.079442 2.197225
-0i 0 0.6931472 1.098612 1.386294 1.609438 1.791759 1.94591 2.079442 2.197225
-0i 0 0.6931472 1.098612 1.386294 1.609438 1.791759 1.94591 2.079442 2.197225
(-0i 0 0.6931472 1.098612 1.386294 1.609438 1.791759 1.94591 2.079442 2.197225
 -0i 0 0.6931472 1.098612 1.386294 1.609438 1.791759 1.94591 2.079442 2.197225)
(-0i 0 0.6931472 1.098612 1.386294 1.609438 1.791759 1.94591 2.079442 2.197225
 -0i 0 0.6931472 1.098612 1.386294 1.609438 1.791759 1.94591 2.079442 2.197225)
((-0i 0 0.6931472 1.098612 1.386294 1.609438 1.791759 1.94591 2.079442 2.197225
  -0i 0 0.6931472 1.098612 1.386294 1.609438 1.791759 1.94591 2.079442 2.197225)
 (-0i 0 0.6931472 1.098612 1.386294 1.609438 1.791759 1.94591 2.079442 2.197225
  -0i 0 0.6931472 1.098612 1.386294 1.609438 1.791759 1.94591 2.079442 2.197225))
((-0i 0 0.6931472 1.098612 1.386294 1.609438 1.791759 1.94591 2.079442 2.197225
  -0i 0 0.6931472 1.098612 1.386294 1.609438 1.791759 1.94591 2.079442 2.197225)
 (-0i 0 0.6931472 1.098612 1.386294 1.609438 1.791759 1.94591 2.079442 2.197225
  -0i 0 0.6931472 1.098612 1.386294 1.609438 1.791759 1.94591 2.079442 2.197225))
-0i
-0i
0n
0n
-0i 0n 0n 0n 0n 0n 0n 0n 0n 0n
0n -0.1053605 0.6418539 1.064711 1.360977 1.589235 1.774952 1.931521 2.066863 2.186051
-0i 0n 0n 0n 0n 0n 0n 0n 0n 0n
0n 0n 0n 0n 0n 0n 0n 0n 0n 2.197225
(-0i 0n 0n 0n 0n 0n 0n 0n 0n 0n
 -0i 0n 0n 0n 0n 0n 0n 0n 0n 0n)
(0n -0.1053605 0.6418539 1.064711 1.360977 1.589235 1.774952 1.931521 2.066863 0n
 0n -0.1053605 0.6418539 1.064711 1.360977 1.589235 1.774952 1.931521 2.066863 0n)
((-0i 0n 0n 0n 0n 0n 0n 0n 0n 0n
  -0i 0n 0n 0n 0n 0n 0n 0n 0n 0n)
 (-0i 0n 0n 0n 0n 0n 0n 0n 0n 0n
  -0i 0n 0n 0n 0n 0n 0n 0n 0n 0n))
((0n -0.1053605 0.6418539 1.064711 1.360977 1.589235 1.774952 1.931521 2.066863 0n
  0n -0.1053605 0.6418539 1.064711 1.360977 1.589235 1.774952 1.931521 2.066863 0n)
 (0n -0.1053605 0.6418539 1.064711 1.360977 1.589235 1.774952 1.931521 2.066863 0n
  0n -0.1053605 0.6418539 1.064711 1.360977 1.589235 1.774952 1.931521 2.066863 0n))
0i 0n 0n
0i 0n 0n
0i 0n 0n 0i 0n 0n
1.0
1.0
22026.47
22026.47
1 2.718282 7.389056 20.08554 54.59815 148.4132 403.4288 1096.633 2980.958 8103.084
1 2.718282 7.389056 20.08554 54.59815 148.4132 403.4288 1096.633 2980.958 8103.084
1 2.718282 7.389056 20.08554 54.59815 148.4132 403.4288 1096.633 2980.958 8103.084
1 2.718282 7.389056 20.08554 54.59815 148.4132 403.4288 1096.633 2980.958 8103.084
(1 2.718282 7.389056 20.08554 54.59815 148.4132 403.4288 1096.633 2980.958 8103.084
 1 2.718282 7.389056 20.08554 54.59815 148.4132 403.4288 1096.633 2980.958 8103.084)
(1 2.718282 7.389056 20.08554 54.59815 148.4132 403.4288 1096.633 2980.958 8103.084
 1 2.718282 7.389056 20.08554 54.59815 148.4132 403.4288 1096.633 2980.958 8103.084)
((1 2.718282 7.389056 20.08554 54.59815 148.4132 403.4288 1096.633 2980.958 8103.084
  1 2.718282 7.389056 20.08554 54.59815 148.4132 403.4288 1096.633 2980.958 8103.084)
 (1 2.718282 7.389056 20.08554 54.59815 148.4132 403.4288 1096.633 2980.958 8103.084
  1 2.718282 7.389056 20.08554 54.59815 148.4132 403.4288 1096.633 2980.958 8103.084))
((1 2.718282 7.389056 20.08554 54.59815 148.4132 403.4288 1096.633 2980.958 8103.084
  1 2.718282 7.389056 20.08554 54.59815 148.4132 403.4288 1096.633 2980.958 8103.084)
 (1 2.718282 7.389056 20.08554 54.59815 148.4132 403.4288 1096.633 2980.958 8103.084
  1 2.718282 7.389056 20.08554 54.59815 148.4132 403.4288 1096.633 2980.958 8103.084))
1.0
1.0
4.539993e-05
4.539993e-05
1 0.3678794 0.1353353 0.04978707 0.01831564 0.006737947 0.002478752 0.000911882 0.0003354626 0.0001234098
0.9048374 2.459603 6.685894 18.17415 49.40245 134.2898 365.0375 992.2747 2697.282 7331.974
1 0.3678794 0.1353353 0.04978707 0.01831564 0.006737947 0.002478752 0.000911882 0.0003354626 0.0001234098
0.9048374 0.3328711 0.1224564 0.0450492 0.01657268 0.006096747 0.002242868 0.0008251049 0.0003035391 8103.084
(1 0.3678794 0.1353353 0.04978707 0.01831564 0.006737947 0.002478752 0.000911882 0.0003354626 0.0001234098
 1 0.3678794 0.1353353 0.04978707 0.01831564 0.006737947 0.002478752 0.000911882 0.0003354626 0.0001234098)
(0.9048374 2.459603 6.685894 18.17415 49.40245 134.2898 365.0375 992.2747 2697.282 0.0001234098
 0.9048374 2.459603 6.685894 18.17415 49.40245 134.2898 365.0375 992.2747 2697.282 0.0001234098)
((1 0.3678794 0.1353353 0.04978707 0.01831564 0.006737947 0.002478752 0.000911882 0.0003354626 0.0001234098
  1 0.3678794 0.1353353 0.04978707 0.01831564 0.006737947 0.002478752 0.000911882 0.0003354626 0.0001234098)
 (1 0.3678794 0.1353353 0.04978707 0.01831564 0.006737947 0.002478752 0.000911882 0.0003354626 0.0001234098
  1 0.3678794 0.1353353 0.04978707 0.01831564 0.006737947 0.002478752 0.000911882 0.0003354626 0.0001234098))
((0.9048374 2.459603 6.685894 18.17415 49.40245 134.2898 365.0375 992.2747 2697.282 0.0001234098
  0.9048374 2.459603 6.685894 18.17415 49.40245 134.2898 365.0375 992.2747 2697.282 0.0001234098)
 (0.9048374 2.459603 6.685894 18.17415 49.40245 134.2898 365.0375 992.2747 2697.282 0.0001234098
  0.9048374 2.459603 6.685894 18.17415 49.40245 134.2898 365.0375 992.2747 2697.282 0.0001234098))
0i 0n 0
0i 0n 0
0i 0n 0 0i 0n 0
0
0.0
10
10.0
0 1 2 3 4 5 6 7 8 9
0 1 2 3 4 5 6 7 8 9.0
(0;1;2;3;4;5;6;7;8;9.0)
(0.0;1.0;2.0;3.0;4.0;5.0;6.0;7.0;8.0;9)
((0;1;2;3;4;5;6;7;8;9.0)
 (0;1;2;3;4;5;6;7;8;9.0))
((0.0;1.0;2.0;3.0;4.0;5.0;6.0;7.0;8.0;9)
 (0.0;1.0;2.0;3.0;4.0;5.0;6.0;7.0;8.0;9))
(((0;1;2;3;4;5;6;7;8;9.0)
  (0;1;2;3;4;5;6;7;8;9.0))
 ((0;1;2;3;4;5;6;7;8;9.0)
  (0;1;2;3;4;5;6;7;8;9.0)))
(((0.0;1.0;2.0;3.0;4.0;5.0;6.0;7.0;8.0;9)
  (0.0;1.0;2.0;3.0;4.0;5.0;6.0;7.0;8.0;9))
 ((0.0;1.0;2.0;3.0;4.0;5.0;6.0;7.0;8.0;9)
  (0.0;1.0;2.0;3.0;4.0;5.0;6.0;7.0;8.0;9)))
0
10
10.0
0 1 2 3 4 5 6 7 8 9
0.1 0.9 1.9 2.9 3.9 4.9 5.9 6.9 7.9 8.9
(0;1;2;3;4;5;6;7;8;9.0)
(0.1;1.1;2.1;3.1;4.1;5.1;6.1;7.1;8.1;9)
((0;1;2;3;4;5;6;7;8;9.0)
 (0;1;2;3;4;5;6;7;8;9.0))
((0.1;0.9;1.9;2.9;3.9;4.9;5.9;6.9;7.9;9)
 (0.1;0.9;1.9;2.9;3.9;4.9;5.9;6.9;7.9;9))
(((0;1;2;3;4;5;6;7;8;9.0)
  (0;1;2;3;4;5;6;7;8;9.0))
 ((0;1;2;3;4;5;6;7;8;9.0)
  (0;1;2;3;4;5;6;7;8;9.0)))
(((0.1;0.9;1.9;2.9;3.9;4.9;5.9;6.9;7.9;9)
  (0.1;0.9;1.9;2.9;3.9;4.9;5.9;6.9;7.9;9))
 ((0.1;0.9;1.9;2.9;3.9;4.9;5.9;6.9;7.9;9)
  (0.1;0.9;1.9;2.9;3.9;4.9;5.9;6.9;7.9;9)))
0I 0N 0I
0i 0n 0i
0i 0n 0i 0i 0n 0i
0.0
0.0
100.0
100.0
0 1 4 9 16 25 36 49 64 81.0
0 1 4 9 16 25 36 49 64 81.0
0 1 4 9 16 25 36 49 64 81.0
0 1 4 9 16 25 36 49 64 81.0
(0 1 4 9 16 25 36 49 64 81.0
 0 1 4 9 16 25 36 49 64 81.0)
(0 1 4 9 16 25 36 49 64 81.0
 0 1 4 9 16 25 36 49 64 81.0)
((0 1 4 9 16 25 36 49 64 81.0
  0 1 4 9 16 25 36 49 64 81.0)
 (0 1 4 9 16 25 36 49 64 81.0
  0 1 4 9 16 25 36 49 64 81.0))
((0 1 4 9 16 25 36 49 64 81.0
  0 1 4 9 16 25 36 49 64 81.0)
 (0 1 4 9 16 25 36 49 64 81.0
  0 1 4 9 16 25 36 49 64 81.0))
0.0
0.0
100.0
100.0
0 1 4 9 16 25 36 49 64 81.0
0.01 0.81 3.61 8.41 15.21 24.01 34.81 47.61 62.41 79.21
0 1 4 9 16 25 36 49 64 81.0
0.01 1.21 4.41 9.61 16.81 26.01 37.21 50.41 65.61 81
(0 1 4 9 16 25 36 49 64 81.0
 0 1 4 9 16 25 36 49 64 81.0)
(0.01 0.81 3.61 8.41 15.21 24.01 34.81 47.61 62.41 81
 0.01 0.81 3.61 8.41 15.21 24.01 34.81 47.61 62.41 81)
((0 1 4 9 16 25 36 49 64 81.0
  0 1 4 9 16 25 36 49 64 81.0)
 (0 1 4 9 16 25 36 49 64 81.0
  0 1 4 9 16 25 36 49 64 81.0))
((0.01 0.81 3.61 8.41 15.21 24.01 34.81 47.61 62.41 81
  0.01 0.81 3.61 8.41 15.21 24.01 34.81 47.61 62.41 81)
 (0.01 0.81 3.61 8.41 15.21 24.01 34.81 47.61 62.41 81
  0.01 0.81 3.61 8.41 15.21 24.01 34.81 47.61 62.41 81))
0i 0n 0i
0i 0n 0i
0i 0n 0i 0i 0n 0i
0.0
0.0
10.0
10.0
0 1 2 3 4 5 6 7 8 9.0
0 1 2 3 4 5 6 7 8 9.0
0 1 2 3 4 5 6 7 8 9.0
0 1 2 3 4 5 6 7 8 9.0
(0 1 2 3 4 5 6 7 8 9.0
 0 1 2 3 4 5 6 7 8 9.0)
(0 1 2 3 4 5 6 7 8 9.0
 0 1 2 3 4 5 6 7 8 9.0)
((0 1 2 3 4 5 6 7 8 9.0
  0 1 2 3 4 5 6 7 8 9.0)
 (0 1 2 3 4 5 6 7 8 9.0
  0 1 2 3 4 5 6 7 8 9.0))
((0 1 2 3 4 5 6 7 8 9.0
  0 1 2 3 4 5 6 7 8 9.0)
 (0 1 2 3 4 5 6 7 8 9.0
  0 1 2 3 4 5 6 7 8 9.0))
0.0
0.0
-10.0
-11.0
0 -1 -2 -3 -4 -5 -6 -7 -8 -9.0
-1 0 1 2 3 4 5 6 7 8.0
0 -1 -2 -3 -4 -5 -6 -7 -8 -10.0
-1 -2 -3 -4 -5 -6 -7 -8 -9 9.0
(0 -1 -2 -3 -4 -5 -6 -7 -8 -10.0
 0 -1 -2 -3 -4 -5 -6 -7 -8 -10.0)
(-1 0 1 2 3 4 5 6 7 -9.0
 -1 0 1 2 3 4 5 6 7 -9.0)
((0 -1 -2 -3 -4 -5 -6 -7 -8 -10.0
  0 -1 -2 -3 -4 -5 -6 -7 -8 -10.0)
 (0 -1 -2 -3 -4 -5 -6 -7 -8 -10.0
  0 -1 -2 -3 -4 -5 -6 -7 -8 -10.0))
((-1 0 1 2 3 4 5 6 7 -9.0
  -1 0 1 2 3 4 5 6 7 -9.0)
 (-1 0 1 2 3 4 5 6 7 -9.0
  -1 0 1 2 3 4 5 6 7 -9.0))
0i 0n -0i
0i 0n -0i
0i 0n -0i 0i 0n -0i
0.0
0.0
10.0
10.0
0 1 2 3 4 5 6 7 8 9.0
0 1 2 3 4 5 6 7 8 9.0
0 1 2 3 4 5 6 7 8 9.0
0 1 2 3 4 5 6 7 8 9.0
(0 1 2 3 4 5 6 7 8 9.0
 0 1 2 3 4 5 6 7 8 9.0)
(0 1 2 3 4 5 6 7 8 9.0
 0 1 2 3 4 5 6 7 8 9.0)
((0 1 2 3 4 5 6 7 8 9.0
  0 1 2 3 4 5 6 7 8 9.0)
 (0 1 2 3 4 5 6 7 8 9.0
  0 1 2 3 4 5 6 7 8 9.0))
((0 1 2 3 4 5 6 7 8 9.0
  0 1 2 3 4 5 6 7 8 9.0)
 (0 1 2 3 4 5 6 7 8 9.0
  0 1 2 3 4 5 6 7 8 9.0))
0.0
0.0
-10.0
-10.0
0 -1 -2 -3 -4 -5 -6 -7 -8 -9.0
0 1 2 3 4 5 6 7 8 9.0
0 -1 -2 -3 -4 -5 -6 -7 -8 -9.0
0 -1 -2 -3 -4 -5 -6 -7 -8 9.0
(0 -1 -2 -3 -4 -5 -6 -7 -8 -9.0
 0 -1 -2 -3 -4 -5 -6 -7 -8 -9.0)
(0 1 2 3 4 5 6 7 8 -9.0
 0 1 2 3 4 5 6 7 8 -9.0)
((0 -1 -2 -3 -4 -5 -6 -7 -8 -9.0
  0 -1 -2 -3 -4 -5 -6 -7 -8 -9.0)
 (0 -1 -2 -3 -4 -5 -6 -7 -8 -9.0
  0 -1 -2 -3 -4 -5 -6 -7 -8 -9.0))
((0 1 2 3 4 5 6 7 8 -9.0
  0 1 2 3 4 5 6 7 8 -9.0)
 (0 1 2 3 4 5 6 7 8 -9.0
  0 1 2 3 4 5 6 7 8 -9.0))
0i 0n -0i
0i 0n -0i
0i 0n -0i 0i 0n -0i
0.0
0.0
-0.5440211
-0.5440211
0 0.841471 0.9092974 0.14112 -0.7568025 -0.9589243 -0.2794155 0.6569866 0.9893582 0.4121185
0 0.841471 0.9092974 0.14112 -0.7568025 -0.9589243 -0.2794155 0.6569866 0.9893582 0.4121185
0 0.841471 0.9092974 0.14112 -0.7568025 -0.9589243 -0.2794155 0.6569866 0.9893582 0.4121185
0 0.841471 0.9092974 0.14112 -0.7568025 -0.9589243 -0.2794155 0.6569866 0.9893582 0.4121185
(0 0.841471 0.9092974 0.14112 -0.7568025 -0.9589243 -0.2794155 0.6569866 0.9893582 0.4121185
 0 0.841471 0.9092974 0.14112 -0.7568025 -0.9589243 -0.2794155 0.6569866 0.9893582 0.4121185)
(0 0.841471 0.9092974 0.14112 -0.7568025 -0.9589243 -0.2794155 0.6569866 0.9893582 0.4121185
 0 0.841471 0.9092974 0.14112 -0.7568025 -0.9589243 -0.2794155 0.6569866 0.9893582 0.4121185)
((0 0.841471 0.9092974 0.14112 -0.7568025 -0.9589243 -0.2794155 0.6569866 0.9893582 0.4121185
  0 0.841471 0.9092974 0.14112 -0.7568025 -0.9589243 -0.2794155 0.6569866 0.9893582 0.4121185)
 (0 0.841471 0.9092974 0.14112 -0.7568025 -0.9589243 -0.2794155 0.6569866 0.9893582 0.4121185
  0 0.841471 0.9092974 0.14112 -0.7568025 -0.9589243 -0.2794155 0.6569866 0.9893582 0.4121185))
((0 0.841471 0.9092974 0.14112 -0.7568025 -0.9589243 -0.2794155 0.6569866 0.9893582 0.4121185
  0 0.841471 0.9092974 0.14112 -0.7568025 -0.9589243 -0.2794155 0.6569866 0.9893582 0.4121185)
 (0 0.841471 0.9092974 0.14112 -0.7568025 -0.9589243 -0.2794155 0.6569866 0.9893582 0.4121185
  0 0.841471 0.9092974 0.14112 -0.7568025 -0.9589243 -0.2794155 0.6569866 0.9893582 0.4121185))
0.0
0.0
0.5440211
0.5440211
0 -0.841471 -0.9092974 -0.14112 0.7568025 0.9589243 0.2794155 -0.6569866 -0.9893582 -0.4121185
-0.09983342 0.7833269 0.9463001 0.2392493 -0.6877662 -0.9824526 -0.3738767 0.5784398 0.9989413 0.5010209
0 -0.841471 -0.9092974 -0.14112 0.7568025 0.9589243 0.2794155 -0.6569866 -0.9893582 -0.4121185
-0.09983342 -0.8912074 -0.8632094 -0.04158066 0.8182771 0.9258147 0.1821625 -0.728969 -0.9698898 0.4121185
(0 -0.841471 -0.9092974 -0.14112 0.7568025 0.9589243 0.2794155 -0.6569866 -0.9893582 -0.4121185
 0 -0.841471 -0.9092974 -0.14112 0.7568025 0.9589243 0.2794155 -0.6569866 -0.9893582 -0.4121185)
(-0.09983342 0.7833269 0.9463001 0.2392493 -0.6877662 -0.9824526 -0.3738767 0.5784398 0.9989413 -0.4121185
 -0.09983342 0.7833269 0.9463001 0.2392493 -0.6877662 -0.9824526 -0.3738767 0.5784398 0.9989413 -0.4121185)
((0 -0.841471 -0.9092974 -0.14112 0.7568025 0.9589243 0.2794155 -0.6569866 -0.9893582 -0.4121185
  0 -0.841471 -0.9092974 -0.14112 0.7568025 0.9589243 0.2794155 -0.6569866 -0.9893582 -0.4121185)
 (0 -0.841471 -0.9092974 -0.14112 0.7568025 0.9589243 0.2794155 -0.6569866 -0.9893582 -0.4121185
  0 -0.841471 -0.9092974 -0.14112 0.7568025 0.9589243 0.2794155 -0.6569866 -0.9893582 -0.4121185))
((-0.09983342 0.7833269 0.9463001 0.2392493 -0.6877662 -0.9824526 -0.3738767 0.5784398 0.9989413 -0.4121185
  -0.09983342 0.7833269 0.9463001 0.2392493 -0.6877662 -0.9824526 -0.3738767 0.5784398 0.9989413 -0.4121185)
 (-0.09983342 0.7833269 0.9463001 0.2392493 -0.6877662 -0.9824526 -0.3738767 0.5784398 0.9989413 -0.4121185
  -0.09983342 0.7833269 0.9463001 0.2392493 -0.6877662 -0.9824526 -0.3738767 0.5784398 0.9989413 -0.4121185))
0n 0n 0n
0n 0n 0n
0n 0n 0n 0n 0n 0n
1.0
1.0
-0.8390715
-0.8390715
1 0.5403023 -0.4161468 -0.9899925 -0.6536436 0.2836622 0.9601703 0.7539023 -0.1455 -0.9111303
1 0.5403023 -0.4161468 -0.9899925 -0.6536436 0.2836622 0.9601703 0.7539023 -0.1455 -0.9111303
1 0.5403023 -0.4161468 -0.9899925 -0.6536436 0.2836622 0.9601703 0.7539023 -0.1455 -0.9111303
1 0.5403023 -0.4161468 -0.9899925 -0.6536436 0.2836622 0.9601703 0.7539023 -0.1455 -0.9111303
(1 0.5403023 -0.4161468 -0.9899925 -0.6536436 0.2836622 0.9601703 0.7539023 -0.1455 -0.9111303
 1 0.5403023 -0.4161468 -0.9899925 -0.6536436 0.2836622 0.9601703 0.7539023 -0.1455 -0.9111303)
(1 0.5403023 -0.4161468 -0.9899925 -0.6536436 0.2836622 0.9601703 0.7539023 -0.1455 -0.9111303
 1 0.5403023 -0.4161468 -0.9899925 -0.6536436 0.2836622 0.9601703 0.7539023 -0.1455 -0.9111303)
((1 0.5403023 -0.4161468 -0.9899925 -0.6536436 0.2836622 0.9601703 0.7539023 -0.1455 -0.9111303
  1 0.5403023 -0.4161468 -0.9899925 -0.6536436 0.2836622 0.9601703 0.7539023 -0.1455 -0.9111303)
 (1 0.5403023 -0.4161468 -0.9899925 -0.6536436 0.2836622 0.9601703 0.7539023 -0.1455 -0.9111303
  1 0.5403023 -0.4161468 -0.9899925 -0.6536436 0.2836622 0.9601703 0.7539023 -0.1455 -0.9111303))
((1 0.5403023 -0.4161468 -0.9899925 -0.6536436 0.2836622 0.9601703 0.7539023 -0.1455 -0.9111303
  1 0.5403023 -0.4161468 -0.9899925 -0.6536436 0.2836622 0.9601703 0.7539023 -0.1455 -0.9111303)
 (1 0.5403023 -0.4161468 -0.9899925 -0.6536436 0.2836622 0.9601703 0.7539023 -0.1455 -0.9111303
  1 0.5403023 -0.4161468 -0.9899925 -0.6536436 0.2836622 0.9601703 0.7539023 -0.1455 -0.9111303))
1.0
1.0
-0.8390715
-0.8390715
1 0.5403023 -0.4161468 -0.9899925 -0.6536436 0.2836622 0.9601703 0.7539023 -0.1455 -0.9111303
0.9950042 0.62161 -0.3232896 -0.9709582 -0.7259323 0.1865124 0.9274784 0.8157251 -0.04600213 -0.8654352
1 0.5403023 -0.4161468 -0.9899925 -0.6536436 0.2836622 0.9601703 0.7539023 -0.1455 -0.9111303
0.9950042 0.4535961 -0.5048461 -0.9991352 -0.5748239 0.3779777 0.9832684 0.6845467 -0.2435442 -0.9111303
(1 0.5403023 -0.4161468 -0.9899925 -0.6536436 0.2836622 0.9601703 0.7539023 -0.1455 -0.9111303
 1 0.5403023 -0.4161468 -0.9899925 -0.6536436 0.2836622 0.9601703 0.7539023 -0.1455 -0.9111303)
(0.9950042 0.62161 -0.3232896 -0.9709582 -0.7259323 0.1865124 0.9274784 0.8157251 -0.04600213 -0.9111303
 0.9950042 0.62161 -0.3232896 -0.9709582 -0.7259323 0.1865124 0.9274784 0.8157251 -0.04600213 -0.9111303)
((1 0.5403023 -0.4161468 -0.9899925 -0.6536436 0.2836622 0.9601703 0.7539023 -0.1455 -0.9111303
  1 0.5403023 -0.4161468 -0.9899925 -0.6536436 0.2836622 0.9601703 0.7539023 -0.1455 -0.9111303)
 (1 0.5403023 -0.4161468 -0.9899925 -0.6536436 0.2836622 0.9601703 0.7539023 -0.1455 -0.9111303
  1 0.5403023 -0.4161468 -0.9899925 -0.6536436 0.2836622 0.9601703 0.7539023 -0.1455 -0.9111303))
((0.9950042 0.62161 -0.3232896 -0.9709582 -0.7259323 0.1865124 0.9274784 0.8157251 -0.04600213 -0.9111303
  0.9950042 0.62161 -0.3232896 -0.9709582 -0.7259323 0.1865124 0.9274784 0.8157251 -0.04600213 -0.9111303)
 (0.9950042 0.62161 -0.3232896 -0.9709582 -0.7259323 0.1865124 0.9274784 0.8157251 -0.04600213 -0.9111303
  0.9950042 0.62161 -0.3232896 -0.9709582 -0.7259323 0.1865124 0.9274784 0.8157251 -0.04600213 -0.9111303))
0n 0n 0n
0n 0n 0n
0n 0n 0n 0n 0n 0n
0.0
0.0
0.6483608
0.6483608
0 1.557408 -2.18504 -0.1425465 1.157821 -3.380515 -0.2910062 0.871448 -6.799711 -0.4523157
0 1.557408 -2.18504 -0.1425465 1.157821 -3.380515 -0.2910062 0.871448 -6.799711 -0.4523157
0 1.557408 -2.18504 -0.1425465 1.157821 -3.380515 -0.2910062 0.871448 -6.799711 -0.4523157
0 1.557408 -2.18504 -0.1425465 1.157821 -3.380515 -0.2910062 0.871448 -6.799711 -0.4523157
(0 1.557408 -2.18504 -0.1425465 1.157821 -3.380515 -0.2910062 0.871448 -6.799711 -0.4523157
 0 1.557408 -2.18504 -0.1425465 1.157821 -3.380515 -0.2910062 0.871448 -6.799711 -0.4523157)
(0 1.557408 -2.18504 -0.1425465 1.157821 -3.380515 -0.2910062 0.871448 -6.799711 -0.4523157
 0 1.557408 -2.18504 -0.1425465 1.157821 -3.380515 -0.2910062 0.871448 -6.799711 -0.4523157)
((0 1.557408 -2.18504 -0.1425465 1.157821 -3.380515 -0.2910062 0.871448 -6.799711 -0.4523157
  0 1.557408 -2.18504 -0.1425465 1.157821 -3.380515 -0.2910062 0.871448 -6.799711 -0.4523157)
 (0 1.557408 -2.18504 -0.1425465 1.157821 -3.380515 -0.2910062 0.871448 -6.799711 -0.4523157
  0 1.557408 -2.18504 -0.1425465 1.157821 -3.380515 -0.2910062 0.871448 -6.799711 -0.4523157))
((0 1.557408 -2.18504 -0.1425465 1.157821 -3.380515 -0.2910062 0.871448 -6.799711 -0.4523157
  0 1.557408 -2.18504 -0.1425465 1.157821 -3.380515 -0.2910062 0.871448 -6.799711 -0.4523157)
 (0 1.557408 -2.18504 -0.1425465 1.157821 -3.380515 -0.2910062 0.871448 -6.799711 -0.4523157
  0 1.557408 -2.18504 -0.1425465 1.157821 -3.380515 -0.2910062 0.871448 -6.799711 -0.4523157))
0.0
0.0
-0.6483608
-0.6483608
0 -1.557408 2.18504 0.1425465 -1.157821 3.380515 0.2910062 -0.871448 6.799711 0.4523157
-0.1003347 1.260158 -2.927098 -0.2464054 0.9474246 -5.267493 -0.4031109 0.7091112 -21.71511 -0.5789236
0 -1.557408 2.18504 0.1425465 -1.157821 3.380515 0.2910062 -0.871448 6.799711 0.4523157
-0.1003347 -1.96476 1.709847 0.04161665 -1.423526 2.449389 0.1852622 -1.064893 3.982398 -0.4523157
(0 -1.557408 2.18504 0.1425465 -1.157821 3.380515 0.2910062 -0.871448 6.799711 0.4523157
 0 -1.557408 2.18504 0.1425465 -1.157821 3.380515 0.2910062 -0.871448 6.799711 0.4523157)
(-0.1003347 1.260158 -2.927098 -0.2464054 0.9474246 -5.267493 -0.4031109 0.7091112 -21.71511 0.4523157
 -0.1003347 1.260158 -2.927098 -0.2464054 0.9474246 -5.267493 -0.4031109 0.7091112 -21.71511 0.4523157)
((0 -1.557408 2.18504 0.1425465 -1.157821 3.380515 0.2910062 -0.871448 6.799711 0.4523157
  0 -1.557408 2.18504 0.1425465 -1.157821 3.380515 0.2910062 -0.871448 6.799711 0.4523157)
 (0 -1.557408 2.18504 0.1425465 -1.157821 3.380515 0.2910062 -0.871448 6.799711 0.4523157
  0 -1.557408 2.18504 0.1425465 -1.157821 3.380515 0.2910062 -0.871448 6.799711 0.4523157))
((-0.1003347 1.260158 -2.927098 -0.2464054 0.9474246 -5.267493 -0.4031109 0.7091112 -21.71511 0.4523157
  -0.1003347 1.260158 -2.927098 -0.2464054 0.9474246 -5.267493 -0.4031109 0.7091112 -21.71511 0.4523157)
 (-0.1003347 1.260158 -2.927098 -0.2464054 0.9474246 -5.267493 -0.4031109 0.7091112 -21.71511 0.4523157
  -0.1003347 1.260158 -2.927098 -0.2464054 0.9474246 -5.267493 -0.4031109 0.7091112 -21.71511 0.4523157))
0n 0n 0n
0n 0n 0n
0n 0n 0n 0n 0n 0n
0.0
0.0
0n
0n
0 1.570796 0n 0n 0n 0n 0n 0n 0n 0n
0 1.570796 0n 0n 0n 0n 0n 0n 0n 0n
0 1.570796 0n 0n 0n 0n 0n 0n 0n 0n
0 1.570796 0n 0n 0n 0n 0n 0n 0n 0n
(0 1.570796 0n 0n 0n 0n 0n 0n 0n 0n
 0 1.570796 0n 0n 0n 0n 0n 0n 0n 0n)
(0 1.570796 0n 0n 0n 0n 0n 0n 0n 0n
 0 1.570796 0n 0n 0n 0n 0n 0n 0n 0n)
((0 1.570796 0n 0n 0n 0n 0n 0n 0n 0n
  0 1.570796 0n 0n 0n 0n 0n 0n 0n 0n)
 (0 1.570796 0n 0n 0n 0n 0n 0n 0n 0n
  0 1.570796 0n 0n 0n 0n 0n 0n 0n 0n))
((0 1.570796 0n 0n 0n 0n 0n 0n 0n 0n
  0 1.570796 0n 0n 0n 0n 0n 0n 0n 0n)
 (0 1.570796 0n 0n 0n 0n 0n 0n 0n 0n
  0 1.570796 0n 0n 0n 0n 0n 0n 0n 0n))
0.0
0.0
0n
0n
0 -1.570796 0n 0n 0n 0n 0n 0n 0n 0n
-0.1001674 1.11977 0n 0n 0n 0n 0n 0n 0n 0n
0 -1.570796 0n 0n 0n 0n 0n 0n 0n 0n
-0.1001674 0n 0n 0n 0n 0n 0n 0n 0n 0n
(0 -1.570796 0n 0n 0n 0n 0n 0n 0n 0n
 0 -1.570796 0n 0n 0n 0n 0n 0n 0n 0n)
(-0.1001674 1.11977 0n 0n 0n 0n 0n 0n 0n 0n
 -0.1001674 1.11977 0n 0n 0n 0n 0n 0n 0n 0n)
((0 -1.570796 0n 0n 0n 0n 0n 0n 0n 0n
  0 -1.570796 0n 0n 0n 0n 0n 0n 0n 0n)
 (0 -1.570796 0n 0n 0n 0n 0n 0n 0n 0n
  0 -1.570796 0n 0n 0n 0n 0n 0n 0n 0n))
((-0.1001674 1.11977 0n 0n 0n 0n 0n 0n 0n 0n
  -0.1001674 1.11977 0n 0n 0n 0n 0n 0n 0n 0n)
 (-0.1001674 1.11977 0n 0n 0n 0n 0n 0n 0n 0n
  -0.1001674 1.11977 0n 0n 0n 0n 0n 0n 0n 0n))
0n 0n 0n
0n 0n 0n
0n 0n 0n 0n 0n 0n
1.570796
1.570796
0n
0n
1.570796 0 0n 0n 0n 0n 0n 0n 0n 0n
1.570796 0 0n 0n 0n 0n 0n 0n 0n 0n
1.570796 0 0n 0n 0n 0n 0n 0n 0n 0n
1.570796 0 0n 0n 0n 0n 0n 0n 0n 0n
(1.570796 0 0n 0n 0n 0n 0n 0n 0n 0n
 1.570796 0 0n 0n 0n 0n 0n 0n 0n 0n)
(1.570796 0 0n 0n 0n 0n 0n 0n 0n 0n
 1.570796 0 0n 0n 0n 0n 0n 0n 0n 0n)
((1.570796 0 0n 0n 0n 0n 0n 0n 0n 0n
  1.570796 0 0n 0n 0n 0n 0n 0n 0n 0n)
 (1.570796 0 0n 0n 0n 0n 0n 0n 0n 0n
  1.570796 0 0n 0n 0n 0n 0n 0n 0n 0n))
((1.570796 0 0n 0n 0n 0n 0n 0n 0n 0n
  1.570796 0 0n 0n 0n 0n 0n 0n 0n 0n)
 (1.570796 0 0n 0n 0n 0n 0n 0n 0n 0n
  1.570796 0 0n 0n 0n 0n 0n 0n 0n 0n))
1.570796
1.570796
0n
0n
1.570796 3.141593 0n 0n 0n 0n 0n 0n 0n 0n
1.670964 0.4510268 0n 0n 0n 0n 0n 0n 0n 0n
1.570796 3.141593 0n 0n 0n 0n 0n 0n 0n 0n
1.670964 0n 0n 0n 0n 0n 0n 0n 0n 0n
(1.570796 3.141593 0n 0n 0n 0n 0n 0n 0n 0n
 1.570796 3.141593 0n 0n 0n 0n 0n 0n 0n 0n)
(1.670964 0.4510268 0n 0n 0n 0n 0n 0n 0n 0n
 1.670964 0.4510268 0n 0n 0n 0n 0n 0n 0n 0n)
((1.570796 3.141593 0n 0n 0n 0n 0n 0n 0n 0n
  1.570796 3.141593 0n 0n 0n 0n 0n 0n 0n 0n)
 (1.570796 3.141593 0n 0n 0n 0n 0n 0n 0n 0n
  1.570796 3.141593 0n 0n 0n 0n 0n 0n 0n 0n))
((1.670964 0.4510268 0n 0n 0n 0n 0n 0n 0n 0n
  1.670964 0.4510268 0n 0n 0n 0n 0n 0n 0n 0n)
 (1.670964 0.4510268 0n 0n 0n 0n 0n 0n 0n 0n
  1.670964 0.4510268 0n 0n 0n 0n 0n 0n 0n 0n))
0n 0n 0n
0n 0n 0n
0n 0n 0n 0n 0n 0n
0.0
0.0
1.471128
1.471128
0 0.7853982 1.107149 1.249046 1.325818 1.373401 1.405648 1.428899 1.446441 1.460139
0 0.7853982 1.107149 1.249046 1.325818 1.373401 1.405648 1.428899 1.446441 1.460139
0 0.7853982 1.107149 1.249046 1.325818 1.373401 1.405648 1.428899 1.446441 1.460139
0 0.7853982 1.107149 1.249046 1.325818 1.373401 1.405648 1.428899 1.446441 1.460139
(0 0.7853982 1.107149 1.249046 1.325818 1.373401 1.405648 1.428899 1.446441 1.460139
 0 0.7853982 1.107149 1.249046 1.325818 1.373401 1.405648 1.428899 1.446441 1.460139)
(0 0.7853982 1.107149 1.249046 1.325818 1.373401 1.405648 1.428899 1.446441 1.460139
 0 0.7853982 1.107149 1.249046 1.325818 1.373401 1.405648 1.428899 1.446441 1.460139)
((0 0.7853982 1.107149 1.249046 1.325818 1.373401 1.405648 1.428899 1.446441 1.460139
  0 0.7853982 1.107149 1.249046 1.325818 1.373401 1.405648 1.428899 1.446441 1.460139)
 (0 0.7853982 1.107149 1.249046 1.325818 1.373401 1.405648 1.428899 1.446441 1.460139
  0 0.7853982 1.107149 1.249046 1.325818 1.373401 1.405648 1.428899 1.446441 1.460139))
((0 0.7853982 1.107149 1.249046 1.325818 1.373401 1.405648 1.428899 1.446441 1.460139
  0 0.7853982 1.107149 1.249046 1.325818 1.373401 1.405648 1.428899 1.446441 1.460139)
 (0 0.7853982 1.107149 1.249046 1.325818 1.373401 1.405648 1.428899 1.446441 1.460139
  0 0.7853982 1.107149 1.249046 1.325818 1.373401 1.405648 1.428899 1.446441 1.460139))
0.0
0.0
-1.471128
-1.471128
0 -0.7853982 -1.107149 -1.249046 -1.325818 -1.373401 -1.405648 -1.428899 -1.446441 -1.460139
-0.09966865 0.7328151 1.086318 1.238737 1.319794 1.369479 1.4029 1.426871 1.444884 1.458906
0 -0.7853982 -1.107149 -1.249046 -1.325818 -1.373401 -1.405648 -1.428899 -1.446441 -1.460139
-0.09966865 -0.8329813 -1.126377 -1.258754 -1.331565 -1.377174 -1.408307 -1.430872 -1.447961 1.460139
(0 -0.7853982 -1.107149 -1.249046 -1.325818 -1.373401 -1.405648 -1.428899 -1.446441 -1.460139
 0 -0.7853982 -1.107149 -1.249046 -1.325818 -1.373401 -1.405648 -1.428899 -1.446441 -1.460139)
(-0.09966865 0.7328151 1.086318 1.238737 1.319794 1.369479 1.4029 1.426871 1.444884 -1.460139
 -0.09966865 0.7328151 1.086318 1.238737 1.319794 1.369479 1.4029 1.426871 1.444884 -1.460139)
((0 -0.7853982 -1.107149 -1.249046 -1.325818 -1.373401 -1.405648 -1.428899 -1.446441 -1.460139
  0 -0.7853982 -1.107149 -1.249046 -1.325818 -1.373401 -1.405648 -1.428899 -1.446441 -1.460139)
 (0 -0.7853982 -1.107149 -1.249046 -1.325818 -1.373401 -1.405648 -1.428899 -1.446441 -1.460139
  0 -0.7853982 -1.107149 -1.249046 -1.325818 -1.373401 -1.405648 -1.428899 -1.446441 -1.460139))
((-0.09966865 0.7328151 1.086318 1.238737 1.319794 1.369479 1.4029 1.426871 1.444884 -1.460139
  -0.09966865 0.7328151 1.086318 1.238737 1.319794 1.369479 1.4029 1.426871 1.444884 -1.460139)
 (-0.09966865 0.7328151 1.086318 1.238737 1.319794 1.369479 1.4029 1.426871 1.444884 -1.460139
  -0.09966865 0.7328151 1.086318 1.238737 1.319794 1.369479 1.4029 1.426871 1.444884 -1.460139))
1.570796 0n -1.570796
1.570796 0n -1.570796
1.570796 0n -1.570796 1.570796 0n -1.570796
0.0
0.0
11013.23
11013.23
0 1.175201 3.62686 10.01787 27.28992 74.20321 201.7132 548.3161 1490.479 4051.542
0 1.175201 3.62686 10.01787 27.28992 74.20321 201.7132 548.3161 1490.479 4051.542
0 1.175201 3.62686 10.01787 27.28992 74.20321 201.7132 548.3161 1490.479 4051.542
0 1.175201 3.62686 10.01787 27.28992 74.20321 201.7132 548.3161 1490.479 4051.542
(0 1.175201 3.62686 10.01787 27.28992 74.20321 201.7132 548.3161 1490.479 4051.542
 0 1.175201 3.62686 10.01787 27.28992 74.20321 201.7132 548.3161 1490.479 4051.542)
(0 1.175201 3.62686 10.01787 27.28992 74.20321 201.7132 548.3161 1490.479 4051.542
 0 1.175201 3.62686 10.01787 27.28992 74.20321 201.7132 548.3161 1490.479 4051.542)
((0 1.175201 3.62686 10.01787 27.28992 74.20321 201.7132 548.3161 1490.479 4051.542
  0 1.175201 3.62686 10.01787 27.28992 74.20321 201.7132 548.3161 1490.479 4051.542)
 (0 1.175201 3.62686 10.01787 27.28992 74.20321 201.7132 548.3161 1490.479 4051.542
  0 1.175201 3.62686 10.01787 27.28992 74.20321 201.7132 548.3161 1490.479 4051.542))
((0 1.175201 3.62686 10.01787 27.28992 74.20321 201.7132 548.3161 1490.479 4051.542
  0 1.175201 3.62686 10.01787 27.28992 74.20321 201.7132 548.3161 1490.479 4051.542)
 (0 1.175201 3.62686 10.01787 27.28992 74.20321 201.7132 548.3161 1490.479 4051.542
  0 1.175201 3.62686 10.01787 27.28992 74.20321 201.7132 548.3161 1490.479 4051.542))
0.0
0.0
-11013.23
-11013.23
0 -1.175201 -3.62686 -10.01787 -27.28992 -74.20321 -201.7132 -548.3161 -1490.479 -4051.542
-0.1001668 1.026517 3.268163 9.059561 24.6911 67.14117 182.5174 496.1369 1348.641 3665.987
0 -1.175201 -3.62686 -10.01787 -27.28992 -74.20321 -201.7132 -548.3161 -1490.479 -4051.542
-0.1001668 -1.335647 -4.021857 -11.07645 -30.16186 -82.00791 -222.9278 -605.9831 -1647.234 4051.542
(0 -1.175201 -3.62686 -10.01787 -27.28992 -74.20321 -201.7132 -548.3161 -1490.479 -4051.542
 0 -1.175201 -3.62686 -10.01787 -27.28992 -74.20321 -201.7132 -548.3161 -1490.479 -4051.542)
(-0.1001668 1.026517 3.268163 9.059561 24.6911 67.14117 182.5174 496.1369 1348.641 -4051.542
 -0.1001668 1.026517 3.268163 9.059561 24.6911 67.14117 182.5174 496.1369 1348.641 -4051.542)
((0 -1.175201 -3.62686 -10.01787 -27.28992 -74.20321 -201.7132 -548.3161 -1490.479 -4051.542
  0 -1.175201 -3.62686 -10.01787 -27.28992 -74.20321 -201.7132 -548.3161 -1490.479 -4051.542)
 (0 -1.175201 -3.62686 -10.01787 -27.28992 -74.20321 -201.7132 -548.3161 -1490.479 -4051.542
  0 -1.175201 -3.62686 -10.01787 -27.28992 -74.20321 -201.7132 -548.3161 -1490.479 -4051.542))
((-0.1001668 1.026517 3.268163 9.059561 24.6911 67.14117 182.5174 496.1369 1348.641 -4051.542
  -0.1001668 1.026517 3.268163 9.059561 24.6911 67.14117 182.5174 496.1369 1348.641 -4051.542)
 (-0.1001668 1.026517 3.268163 9.059561 24.6911 67.14117 182.5174 496.1369 1348.641 -4051.542
  -0.1001668 1.026517 3.268163 9.059561 24.6911 67.14117 182.5174 496.1369 1348.641 -4051.542))
0i 0n -0i
0i 0n -0i
0i 0n -0i 0i 0n -0i
1.0
1.0
11013.23
11013.23
1 1.543081 3.762196 10.06766 27.30823 74.20995 201.7156 548.317 1490.479 4051.542
1 1.543081 3.762196 10.06766 27.30823 74.20995 201.7156 548.317 1490.479 4051.542
1 1.543081 3.762196 10.06766 27.30823 74.20995 201.7156 548.317 1490.479 4051.542
1 1.543081 3.762196 10.06766 27.30823 74.20995 201.7156 548.317 1490.479 4051.542
(1 1.543081 3.762196 10.06766 27.30823 74.20995 201.7156 548.317 1490.479 4051.542
 1 1.543081 3.762196 10.06766 27.30823 74.20995 201.7156 548.317 1490.479 4051.542)
(1 1.543081 3.762196 10.06766 27.30823 74.20995 201.7156 548.317 1490.479 4051.542
 1 1.543081 3.762196 10.06766 27.30823 74.20995 201.7156 548.317 1490.479 4051.542)
((1 1.543081 3.762196 10.06766 27.30823 74.20995 201.7156 548.317 1490.479 4051.542
  1 1.543081 3.762196 10.06766 27.30823 74.20995 201.7156 548.317 1490.479 4051.542)
 (1 1.543081 3.762196 10.06766 27.30823 74.20995 201.7156 548.317 1490.479 4051.542
  1 1.543081 3.762196 10.06766 27.30823 74.20995 201.7156 548.317 1490.479 4051.542))
((1 1.543081 3.762196 10.06766 27.30823 74.20995 201.7156 548.317 1490.479 4051.542
  1 1.543081 3.762196 10.06766 27.30823 74.20995 201.7156 548.317 1490.479 4051.542)
 (1 1.543081 3.762196 10.06766 27.30823 74.20995 201.7156 548.317 1490.479 4051.542
  1 1.543081 3.762196 10.06766 27.30823 74.20995 201.7156 548.317 1490.479 4051.542))
1.0
1.0
11013.23
11013.23
1 1.543081 3.762196 10.06766 27.30823 74.20995 201.7156 548.317 1490.479 4051.542
1.005004 1.433086 3.417732 9.114584 24.71135 67.14861 182.5201 496.1379 1348.641 3665.987
1 1.543081 3.762196 10.06766 27.30823 74.20995 201.7156 548.317 1490.479 4051.542
1.005004 1.668519 4.144313 11.1215 30.17843 82.014 222.93 605.9839 1647.234 4051.542
(1 1.543081 3.762196 10.06766 27.30823 74.20995 201.7156 548.317 1490.479 4051.542
 1 1.543081 3.762196 10.06766 27.30823 74.20995 201.7156 548.317 1490.479 4051.542)
(1.005004 1.433086 3.417732 9.114584 24.71135 67.14861 182.5201 496.1379 1348.641 4051.542
 1.005004 1.433086 3.417732 9.114584 24.71135 67.14861 182.5201 496.1379 1348.641 4051.542)
((1 1.543081 3.762196 10.06766 27.30823 74.20995 201.7156 548.317 1490.479 4051.542
  1 1.543081 3.762196 10.06766 27.30823 74.20995 201.7156 548.317 1490.479 4051.542)
 (1 1.543081 3.762196 10.06766 27.30823 74.20995 201.7156 548.317 1490.479 4051.542
  1 1.543081 3.762196 10.06766 27.30823 74.20995 201.7156 548.317 1490.479 4051.542))
((1.005004 1.433086 3.417732 9.114584 24.71135 67.14861 182.5201 496.1379 1348.641 4051.542
  1.005004 1.433086 3.417732 9.114584 24.71135 67.14861 182.5201 496.1379 1348.641 4051.542)
 (1.005004 1.433086 3.417732 9.114584 24.71135 67.14861 182.5201 496.1379 1348.641 4051.542
  1.005004 1.433086 3.417732 9.114584 24.71135 67.14861 182.5201 496.1379 1348.641 4051.542))
0i 0n 0i
0i 0n 0i
0i 0n 0i 0i 0n 0i
0.0
0.0
1.0
1.0
0 0.7615942 0.9640276 0.9950548 0.9993293 0.9999092 0.9999877 0.9999983 0.9999998 1
0 0.7615942 0.9640276 0.9950548 0.9993293 0.9999092 0.9999877 0.9999983 0.9999998 1
0 0.7615942 0.9640276 0.9950548 0.9993293 0.9999092 0.9999877 0.9999983 0.9999998 1
0 0.7615942 0.9640276 0.9950548 0.9993293 0.9999092 0.9999877 0.9999983 0.9999998 1
(0 0.7615942 0.9640276 0.9950548 0.9993293 0.9999092 0.9999877 0.9999983 0.9999998 1
 0 0.7615942 0.9640276 0.9950548 0.9993293 0.9999092 0.9999877 0.9999983 0.9999998 1)
(0 0.7615942 0.9640276 0.9950548 0.9993293 0.9999092 0.9999877 0.9999983 0.9999998 1
 0 0.7615942 0.9640276 0.9950548 0.9993293 0.9999092 0.9999877 0.9999983 0.9999998 1)
((0 0.7615942 0.9640276 0.9950548 0.9993293 0.9999092 0.9999877 0.9999983 0.9999998 1
  0 0.7615942 0.9640276 0.9950548 0.9993293 0.9999092 0.9999877 0.9999983 0.9999998 1)
 (0 0.7615942 0.9640276 0.9950548 0.9993293 0.9999092 0.9999877 0.9999983 0.9999998 1
  0 0.7615942 0.9640276 0.9950548 0.9993293 0.9999092 0.9999877 0.9999983 0.9999998 1))
((0 0.7615942 0.9640276 0.9950548 0.9993293 0.9999092 0.9999877 0.9999983 0.9999998 1
  0 0.7615942 0.9640276 0.9950548 0.9993293 0.9999092 0.9999877 0.9999983 0.9999998 1)
 (0 0.7615942 0.9640276 0.9950548 0.9993293 0.9999092 0.9999877 0.9999983 0.9999998 1
  0 0.7615942 0.9640276 0.9950548 0.9993293 0.9999092 0.9999877 0.9999983 0.9999998 1))
0.0
0.0
-1.0
-1.0
0 -0.7615942 -0.9640276 -0.9950548 -0.9993293 -0.9999092 -0.9999877 -0.9999983 -0.9999998 -1
-0.09966799 0.7162979 0.9562375 0.9939632 0.9991809 0.9998891 0.999985 0.999998 0.9999997 1
0 -0.7615942 -0.9640276 -0.9950548 -0.9993293 -0.9999092 -0.9999877 -0.9999983 -0.9999998 -1
-0.09966799 -0.800499 -0.9704519 -0.9959494 -0.9994508 -0.9999257 -0.9999899 -0.9999986 -0.9999998 1
(0 -0.7615942 -0.9640276 -0.9950548 -0.9993293 -0.9999092 -0.9999877 -0.9999983 -0.9999998 -1
 0 -0.7615942 -0.9640276 -0.9950548 -0.9993293 -0.9999092 -0.9999877 -0.9999983 -0.9999998 -1)
(-0.09966799 0.7162979 0.9562375 0.9939632 0.9991809 0.9998891 0.999985 0.999998 0.9999997 -1
 -0.09966799 0.7162979 0.9562375 0.9939632 0.9991809 0.9998891 0.999985 0.999998 0.9999997 -1)
((0 -0.7615942 -0.9640276 -0.9950548 -0.9993293 -0.9999092 -0.9999877 -0.9999983 -0.9999998 -1
  0 -0.7615942 -0.9640276 -0.9950548 -0.9993293 -0.9999092 -0.9999877 -0.9999983 -0.9999998 -1)
 (0 -0.7615942 -0.9640276 -0.9950548 -0.9993293 -0.9999092 -0.9999877 -0.9999983 -0.9999998 -1
  0 -0.7615942 -0.9640276 -0.9950548 -0.9993293 -0.9999092 -0.9999877 -0.9999983 -0.9999998 -1))
((-0.09966799 0.7162979 0.9562375 0.9939632 0.9991809 0.9998891 0.999985 0.999998 0.9999997 -1
  -0.09966799 0.7162979 0.9562375 0.9939632 0.9991809 0.9998891 0.999985 0.999998 0.9999997 -1)
 (-0.09966799 0.7162979 0.9562375 0.9939632 0.9991809 0.9998891 0.999985 0.999998 0.9999997 -1
  -0.09966799 0.7162979 0.9562375 0.9939632 0.9991809 0.9998891 0.999985 0.999998 0.9999997 -1))
1 0n -1
1 0n -1
1 0n -1 1 0n -1
0.0
0.0
1.0
1.0
0 0.8427008 0.9953223 0.9999779 1 1 1 1 1 1
0 0.8427008 0.9953223 0.9999779 1 1 1 1 1 1
0 0.8427008 0.9953223 0.9999779 1 1 1 1 1 1
0 0.8427008 0.9953223 0.9999779 1 1 1 1 1 1
(0 0.8427008 0.9953223 0.9999779 1 1 1 1 1 1
 0 0.8427008 0.9953223 0.9999779 1 1 1 1 1 1)
(0 0.8427008 0.9953223 0.9999779 1 1 1 1 1 1
 0 0.8427008 0.9953223 0.9999779 1 1 1 1 1 1)
((0 0.8427008 0.9953223 0.9999779 1 1 1 1 1 1
  0 0.8427008 0.9953223 0.9999779 1 1 1 1 1 1)
 (0 0.8427008 0.9953223 0.9999779 1 1 1 1 1 1
  0 0.8427008 0.9953223 0.9999779 1 1 1 1 1 1))
((0 0.8427008 0.9953223 0.9999779 1 1 1 1 1 1
  0 0.8427008 0.9953223 0.9999779 1 1 1 1 1 1)
 (0 0.8427008 0.9953223 0.9999779 1 1 1 1 1 1
  0 0.8427008 0.9953223 0.9999779 1 1 1 1 1 1))
0.0
0.0
-1.0
-1.0
0 -0.8427008 -0.9953223 -0.9999779 -1 -1 -1 -1 -1 -1
-0.1124629 0.7969082 0.9927904 0.9999589 1 1 1 1 1 1
0 -0.8427008 -0.9953223 -0.9999779 -1 -1 -1 -1 -1 -1
-0.1124629 -0.8802051 -0.9970205 -0.9999884 -1 -1 -1 -1 -1 1
(0 -0.8427008 -0.9953223 -0.9999779 -1 -1 -1 -1 -1 -1
 0 -0.8427008 -0.9953223 -0.9999779 -1 -1 -1 -1 -1 -1)
(-0.1124629 0.7969082 0.9927904 0.9999589 1 1 1 1 1 -1
 -0.1124629 0.7969082 0.9927904 0.9999589 1 1 1 1 1 -1)
((0 -0.8427008 -0.9953223 -0.9999779 -1 -1 -1 -1 -1 -1
  0 -0.8427008 -0.9953223 -0.9999779 -1 -1 -1 -1 -1 -1)
 (0 -0.8427008 -0.9953223 -0.9999779 -1 -1 -1 -1 -1 -1
  0 -0.8427008 -0.9953223 -0.9999779 -1 -1 -1 -1 -1 -1))
((-0.1124629 0.7969082 0.9927904 0.9999589 1 1 1 1 1 -1
  -0.1124629 0.7969082 0.9927904 0.9999589 1 1 1 1 1 -1)
 (-0.1124629 0.7969082 0.9927904 0.9999589 1 1 1 1 1 -1
  -0.1124629 0.7969082 0.9927904 0.9999589 1 1 1 1 1 -1))
1 0n -1
1 0n -1
1 0n -1 1 0n -1
1.0
1.0
2.088488e-45
2.088488e-45
1 0.1572992 0.004677735 2.20905e-05 1.541726e-08 1.53746e-12 2.151974e-17 4.183826e-23 1.12243e-29 4.137032e-37
1 0.1572992 0.004677735 2.20905e-05 1.541726e-08 1.53746e-12 2.151974e-17 4.183826e-23 1.12243e-29 4.137032e-37
1 0.1572992 0.004677735 2.20905e-05 1.541726e-08 1.53746e-12 2.151974e-17 4.183826e-23 1.12243e-29 4.137032e-37
1 0.1572992 0.004677735 2.20905e-05 1.541726e-08 1.53746e-12 2.151974e-17 4.183826e-23 1.12243e-29 4.137032e-37
(1 0.1572992 0.004677735 2.20905e-05 1.541726e-08 1.53746e-12 2.151974e-17 4.183826e-23 1.12243e-29 4.137032e-37
 1 0.1572992 0.004677735 2.20905e-05 1.541726e-08 1.53746e-12 2.151974e-17 4.183826e-23 1.12243e-29 4.137032e-37)
(1 0.1572992 0.004677735 2.20905e-05 1.541726e-08 1.53746e-12 2.151974e-17 4.183826e-23 1.12243e-29 4.137032e-37
 1 0.1572992 0.004677735 2.20905e-05 1.541726e-08 1.53746e-12 2.151974e-17 4.183826e-23 1.12243e-29 4.137032e-37)
((1 0.1572992 0.004677735 2.20905e-05 1.541726e-08 1.53746e-12 2.151974e-17 4.183826e-23 1.12243e-29 4.137032e-37
  1 0.1572992 0.004677735 2.20905e-05 1.541726e-08 1.53746e-12 2.151974e-17 4.183826e-23 1.12243e-29 4.137032e-37)
 (1 0.1572992 0.004677735 2.20905e-05 1.541726e-08 1.53746e-12 2.151974e-17 4.183826e-23 1.12243e-29 4.137032e-37
  1 0.1572992 0.004677735 2.20905e-05 1.541726e-08 1.53746e-12 2.151974e-17 4.183826e-23 1.12243e-29 4.137032e-37))
((1 0.1572992 0.004677735 2.20905e-05 1.541726e-08 1.53746e-12 2.151974e-17 4.183826e-23 1.12243e-29 4.137032e-37
  1 0.1572992 0.004677735 2.20905e-05 1.541726e-08 1.53746e-12 2.151974e-17 4.183826e-23 1.12243e-29 4.137032e-37)
 (1 0.1572992 0.004677735 2.20905e-05 1.541726e-08 1.53746e-12 2.151974e-17 4.183826e-23 1.12243e-29 4.137032e-37
  1 0.1572992 0.004677735 2.20905e-05 1.541726e-08 1.53746e-12 2.151974e-17 4.183826e-23 1.12243e-29 4.137032e-37))
1.0
1.0
2.0
2.0
1 1.842701 1.995322 1.999978 2 2 2 2 2 2
1.112463 0.2030918 0.007209571 4.109788e-05 3.479225e-08 4.218937e-12 7.19041e-17 1.703604e-22 5.572718e-29 2.505357e-36
1 1.842701 1.995322 1.999978 2 2 2 2 2 2
1.112463 1.880205 1.997021 1.999988 2 2 2 2 2 4.137032e-37
(1 1.842701 1.995322 1.999978 2 2 2 2 2 2
 1 1.842701 1.995322 1.999978 2 2 2 2 2 2)
(1.112463 0.2030918 0.007209571 4.109788e-05 3.479225e-08 4.218937e-12 7.19041e-17 1.703604e-22 5.572718e-29 2
 1.112463 0.2030918 0.007209571 4.109788e-05 3.479225e-08 4.218937e-12 7.19041e-17 1.703604e-22 5.572718e-29 2)
((1 1.842701 1.995322 1.999978 2 2 2 2 2 2
  1 1.842701 1.995322 1.999978 2 2 2 2 2 2)
 (1 1.842701 1.995322 1.999978 2 2 2 2 2 2
  1 1.842701 1.995322 1.999978 2 2 2 2 2 2))
((1.112463 0.2030918 0.007209571 4.109788e-05 3.479225e-08 4.218937e-12 7.19041e-17 1.703604e-22 5.572718e-29 2
  1.112463 0.2030918 0.007209571 4.109788e-05 3.479225e-08 4.218937e-12 7.19041e-17 1.703604e-22 5.572718e-29 2)
 (1.112463 0.2030918 0.007209571 4.109788e-05 3.479225e-08 4.218937e-12 7.19041e-17 1.703604e-22 5.572718e-29 2
  1.112463 0.2030918 0.007209571 4.109788e-05 3.479225e-08 4.218937e-12 7.19041e-17 1.703604e-22 5.572718e-29 2))
0 0n 2
0 0n 2
0 0n 2 0 0n 2
0i
0i
362880.0
362880.0
0i 1 1 2 6 24 120 720 5040 40320
0i 1 1 2 6 24 120 720 5040 40320
0i 1 1 2 6 24 120 720 5040 40320
0i 1 1 2 6 24 120 720 5040 40320
(0i 1 1 2 6 24 120 720 5040 40320
 0i 1 1 2 6 24 120 720 5040 40320)
(0i 1 1 2 6 24 120 720 5040 40320
 0i 1 1 2 6 24 120 720 5040 40320)
((0i 1 1 2 6 24 120 720 5040 40320
  0i 1 1 2 6 24 120 720 5040 40320)
 (0i 1 1 2 6 24 120 720 5040 40320
  0i 1 1 2 6 24 120 720 5040 40320))
((0i 1 1 2 6 24 120 720 5040 40320
  0i 1 1 2 6 24 120 720 5040 40320)
 (0i 1 1 2 6 24 120 720 5040 40320
  0i 1 1 2 6 24 120 720 5040 40320))
0i
-0i
0n
0n
0i 0n 0n 0n 0n 0n 0n 0n 0n 0n
-10.68629 1.068629 0.9617658 1.827355 5.29933 20.66739 101.2702 597.4941 4122.709 32569.4
0i 0n 0n 0n 0n 0n 0n 0n 0n 0n
-10.68629 9.714806 -4.626098 1.49229 -0.3639731 0.07136728 -0.01169955 0.001647824 -0.0002034351 40320
(0i 0n 0n 0n 0n 0n 0n 0n 0n 0n
 0i 0n 0n 0n 0n 0n 0n 0n 0n 0n)
(-10.68629 1.068629 0.9617658 1.827355 5.29933 20.66739 101.2702 597.4941 4122.709 0n
 -10.68629 1.068629 0.9617658 1.827355 5.29933 20.66739 101.2702 597.4941 4122.709 0n)
((0i 0n 0n 0n 0n 0n 0n 0n 0n 0n
  0i 0n 0n 0n 0n 0n 0n 0n 0n 0n)
 (0i 0n 0n 0n 0n 0n 0n 0n 0n 0n
  0i 0n 0n 0n 0n 0n 0n 0n 0n 0n))
((-10.68629 1.068629 0.9617658 1.827355 5.29933 20.66739 101.2702 597.4941 4122.709 0n
  -10.68629 1.068629 0.9617658 1.827355 5.29933 20.66739 101.2702 597.4941 4122.709 0n)
 (-10.68629 1.068629 0.9617658 1.827355 5.29933 20.66739 101.2702 597.4941 4122.709 0n
  -10.68629 1.068629 0.9617658 1.827355 5.29933 20.66739 101.2702 597.4941 4122.709 0n))
0i 0n 0n
0i 0n 0n
0i 0n 0n 0i 0n 0n
0i
0i
12.80183
12.80183
0i 0 0 0.6931472 1.791759 3.178054 4.787492 6.579251 8.525161 10.6046
0i 0 0 0.6931472 1.791759 3.178054 4.787492 6.579251 8.525161 10.6046
0i 0 0 0.6931472 1.791759 3.178054 4.787492 6.579251 8.525161 10.6046
0i 0 0 0.6931472 1.791759 3.178054 4.787492 6.579251 8.525161 10.6046
(0i 0 0 0.6931472 1.791759 3.178054 4.787492 6.579251 8.525161 10.6046
 0i 0 0 0.6931472 1.791759 3.178054 4.787492 6.579251 8.525161 10.6046)
(0i 0 0 0.6931472 1.791759 3.178054 4.787492 6.579251 8.525161 10.6046
 0i 0 0 0.6931472 1.791759 3.178054 4.787492 6.579251 8.525161 10.6046)
((0i 0 0 0.6931472 1.791759 3.178054 4.787492 6.579251 8.525161 10.6046
  0i 0 0 0.6931472 1.791759 3.178054 4.787492 6.579251 8.525161 10.6046)
 (0i 0 0 0.6931472 1.791759 3.178054 4.787492 6.579251 8.525161 10.6046
  0i 0 0 0.6931472 1.791759 3.178054 4.787492 6.579251 8.525161 10.6046))
((0i 0 0 0.6931472 1.791759 3.178054 4.787492 6.579251 8.525161 10.6046
  0i 0 0 0.6931472 1.791759 3.178054 4.787492 6.579251 8.525161 10.6046)
 (0i 0 0 0.6931472 1.791759 3.178054 4.787492 6.579251 8.525161 10.6046
  0i 0 0 0.6931472 1.791759 3.178054 4.787492 6.579251 8.525161 10.6046))
0i
0i
0i
0i
0i 0i 0i 0i 0i 0i 0i 0i 0i 0i
2.368961 0.06637624 -0.03898428 0.6028696 1.66758 3.028557 4.617792 6.392744 8.324266 10.39113
0i 0i 0i 0i 0i 0i 0i 0i 0i 0i
2.368961 2.273651 1.531714 0.4003117 -1.010675 -2.639916 -4.448205 -6.408299 -8.500163 10.6046
(0i 0i 0i 0i 0i 0i 0i 0i 0i 0i
 0i 0i 0i 0i 0i 0i 0i 0i 0i 0i)
(2.368961 0.06637624 -0.03898428 0.6028696 1.66758 3.028557 4.617792 6.392744 8.324266 0i
 2.368961 0.06637624 -0.03898428 0.6028696 1.66758 3.028557 4.617792 6.392744 8.324266 0i)
((0i 0i 0i 0i 0i 0i 0i 0i 0i 0i
  0i 0i 0i 0i 0i 0i 0i 0i 0i 0i)
 (0i 0i 0i 0i 0i 0i 0i 0i 0i 0i
  0i 0i 0i 0i 0i 0i 0i 0i 0i 0i))
((2.368961 0.06637624 -0.03898428 0.6028696 1.66758 3.028557 4.617792 6.392744 8.324266 0i
  2.368961 0.06637624 -0.03898428 0.6028696 1.66758 3.028557 4.617792 6.392744 8.324266 0i)
 (2.368961 0.06637624 -0.03898428 0.6028696 1.66758 3.028557 4.617792 6.392744 8.324266 0i
  2.368961 0.06637624 -0.03898428 0.6028696 1.66758 3.028557 4.617792 6.392744 8.324266 0i))
0i 0n 0i
0i 0n 0i
0i 0n 0i 0i 0n 0i
0.0
0.0
10.0
10.0
0 1 2 3 4 5 6 7 8 9.0
0 1 2 3 4 5 6 7 8 9.0
0 1 2 3 4 5 6 7 8 9.0
0 1 2 3 4 5 6 7 8 9.0
(0 1 2 3 4 5 6 7 8 9.0
 0 1 2 3 4 5 6 7 8 9.0)
(0 1 2 3 4 5 6 7 8 9.0
 0 1 2 3 4 5 6 7 8 9.0)
((0 1 2 3 4 5 6 7 8 9.0
  0 1 2 3 4 5 6 7 8 9.0)
 (0 1 2 3 4 5 6 7 8 9.0
  0 1 2 3 4 5 6 7 8 9.0))
((0 1 2 3 4 5 6 7 8 9.0
  0 1 2 3 4 5 6 7 8 9.0)
 (0 1 2 3 4 5 6 7 8 9.0
  0 1 2 3 4 5 6 7 8 9.0))
0.0
0.0
-10.0
-10.0
0 -1 -2 -3 -4 -5 -6 -7 -8 -9.0
0 1 2 3 4 5 6 7 8 9.0
0 -1 -2 -3 -4 -5 -6 -7 -8 -9.0
0 -1 -2 -3 -4 -5 -6 -7 -8 9.0
(0 -1 -2 -3 -4 -5 -6 -7 -8 -9.0
 0 -1 -2 -3 -4 -5 -6 -7 -8 -9.0)
(0 1 2 3 4 5 6 7 8 -9.0
 0 1 2 3 4 5 6 7 8 -9.0)
((0 -1 -2 -3 -4 -5 -6 -7 -8 -9.0
  0 -1 -2 -3 -4 -5 -6 -7 -8 -9.0)
 (0 -1 -2 -3 -4 -5 -6 -7 -8 -9.0
  0 -1 -2 -3 -4 -5 -6 -7 -8 -9.0))
((0 1 2 3 4 5 6 7 8 -9.0
  0 1 2 3 4 5 6 7 8 -9.0)
 (0 1 2 3 4 5 6 7 8 -9.0
  0 1 2 3 4 5 6 7 8 -9.0))
0i 0n -0i
0i 0n -0i
0i 0n -0i 0i 0n -0i
0.0
0.0
10.0
10.0
0 1 2 3 4 5 6 7 8 9.0
0 1 2 3 4 5 6 7 8 9.0
0 1 2 3 4 5 6 7 8 9.0
0 1 2 3 4 5 6 7 8 9.0
(0 1 2 3 4 5 6 7 8 9.0
 0 1 2 3 4 5 6 7 8 9.0)
(0 1 2 3 4 5 6 7 8 9.0
 0 1 2 3 4 5 6 7 8 9.0)
((0 1 2 3 4 5 6 7 8 9.0
  0 1 2 3 4 5 6 7 8 9.0)
 (0 1 2 3 4 5 6 7 8 9.0
  0 1 2 3 4 5 6 7 8 9.0))
((0 1 2 3 4 5 6 7 8 9.0
  0 1 2 3 4 5 6 7 8 9.0)
 (0 1 2 3 4 5 6 7 8 9.0
  0 1 2 3 4 5 6 7 8 9.0))
0.0
0.0
-10.0
-10.0
0 -1 -2 -3 -4 -5 -6 -7 -8 -9.0
0 0 1 2 3 4 5 6 7 8.0
0 -1 -2 -3 -4 -5 -6 -7 -8 -9.0
0 -1 -2 -3 -4 -5 -6 -7 -8 9.0
(0 -1 -2 -3 -4 -5 -6 -7 -8 -9.0
 0 -1 -2 -3 -4 -5 -6 -7 -8 -9.0)
(0 0 1 2 3 4 5 6 7 -9.0
 0 0 1 2 3 4 5 6 7 -9.0)
((0 -1 -2 -3 -4 -5 -6 -7 -8 -9.0
  0 -1 -2 -3 -4 -5 -6 -7 -8 -9.0)
 (0 -1 -2 -3 -4 -5 -6 -7 -8 -9.0
  0 -1 -2 -3 -4 -5 -6 -7 -8 -9.0))
((0 0 1 2 3 4 5 6 7 -9.0
  0 0 1 2 3 4 5 6 7 -9.0)
 (0 0 1 2 3 4 5 6 7 -9.0
  0 0 1 2 3 4 5 6 7 -9.0))
0i 0n -0i
0i 0n -0i
0i 0n -0i 0i 0n -0i
