0.4636476
0.4636476 0.3217506
0.3217506 0.5880026
0.3217506 0.4636476
0.4636476
0.4636476 0.3217506
0.3217506 0.5880026
0.3217506 0.4636476
0.4636476
0.4636476 0.3217506
0.3217506 0.5880026
0.3217506 0.4636476
0.4636476
0.4636476 0.3217506
0.3217506 0.5880026
0.3217506 0.4636476
5
"asdf"
1073741823
0
-1073741824
1
1
1
-1
0
-1
1
0
0 0
0 0
0 0
2
0
0
2 4
0 0
0 0
0I
0
1
0
0N
0N
1
0N
-0I
3
3 5
5 6
5 10
0I
-2147483646
-2147483645
0I 0I
-2147483646 -2147483644
-2147483645 -2147483643
0I
-1
-1
-1
0N
-0I
-1
-0I
-0I
2
2 5
2 1
2 10
2147483645
-2147483646
-2147483645
2147483645 2147483643
-2147483646 -2147483644
-2147483645 -2147483643
0
-1
-2
-1
0
1
-2
1
0
-2
-2 -3
0N
0I
2147483646
8
1
2 4 8
1 1 1
0N
1
2
-2
8
1
2 4 8
1 1 1
0N
1
0
-2
0
2
0.4636476
0.4636476 0.3217506
0.3217506 0.5880026
0.3217506 0.4636476
0.4636476
0.4636476 0.3217506
0.3217506 0.5880026
0.3217506 0.4636476
0.4636476
0.4636476 0.3217506
0.3217506 0.5880026
0.3217506 0.4636476
0.4636476
0.4636476 0.3217506
0.3217506 0.5880026
0.3217506 0.4636476
5
1073741823
0
-1073741824
1
1
1
-1
0
-1
1
0
0 0
0 0
0 0
2
0
0
2 4
0 0
0 0
0I
0
1
0
0N
0N
1
0N
-0I
3
3 5
5 6
5 10
0I
-2147483646
-2147483645
0I 0I
-2147483646 -2147483644
-2147483645 -2147483643
0I
-1
-1
-1
0N
-0I
-1
-0I
-0I
2
2 5
2 1
2 10
2147483645
-2147483646
-2147483645
2147483645 2147483643
-2147483646 -2147483644
-2147483645 -2147483643
0
-1
-2
-1
0
1
-2
1
0
-2
-2 -3
0N
0I
2147483646
8
1
2 4 8
1 1 1
0N
1
2
-2
8
1
2 4 8
1 1 1
0N
1
0
-2
0
2
