1e+07
1e+07
-1e+07
-1e+07
1.1e+07
1.1e+07
-1.1e+07
-1.1e+07
1e+07 1e+08
1e+07 1e+08
-1e+07 -1e+08
-1e+07 -1e+08
1.1e+07 1.1e+08
1.1e+07 1.1e+08
-1.1e+07 -1.1e+08
-1.1e+07 -1.1e+08
1 1e+07 1e+08
1 1e+07 1e+08
1 -1e+07 -1e+08
1 -1e+07 -1e+08
1 1.1e+07 1.1e+08
1 1.1e+07 1.1e+08
1 -1.1e+07 -1.1e+08
1 -1.1e+07 -1.1e+08
1e+07 1e+08 2
1e+07 1e+08 2
-1e+07 -1e+08 2
-1e+07 -1e+08 2
1.1e+07 1.1e+08 2
1.1e+07 1.1e+08 2
-1.1e+07 -1.1e+08 2
-1.1e+07 -1.1e+08 2
1 1e+07 1e+08 2
1 1e+07 1e+08 2
1 -1e+07 -1e+08 2
1 -1e+07 -1e+08 2
1 1.1e+07 1.1e+08 2
1 1.1e+07 1.1e+08 2
1 -1.1e+07 -1.1e+08 2
1 -1.1e+07 -1.1e+08 2
1e+07 3 1e+08
1e+07 3 1e+08
-1e+07 3 -1e+08
-1e+07 3 -1e+08
1.1e+07 3 1.1e+08
1.1e+07 3 1.1e+08
-1.1e+07 3 -1.1e+08
-1.1e+07 3 -1.1e+08
0i 1e+07 3 1e+08
0i 1e+07 3 1e+08
0i -1e+07 3 -1e+08
0i -1e+07 3 -1e+08
0i 1.1e+07 3 1.1e+08
0i 1.1e+07 3 1.1e+08
0i -1.1e+07 3 -1.1e+08
0i -1.1e+07 3 -1.1e+08
0n 1e+07 3 1e+08
0n 1e+07 3 1e+08
0n -1e+07 3 -1e+08
0n -1e+07 3 -1e+08
0n 1.1e+07 3 1.1e+08
0n 1.1e+07 3 1.1e+08
0n -1.1e+07 3 -1.1e+08
0n -1.1e+07 3 -1.1e+08
-0i 1e+07 3 1e+08
-0i 1e+07 3 1e+08
-0i -1e+07 3 -1e+08
-0i -1e+07 3 -1e+08
-0i 1.1e+07 3 1.1e+08
-0i 1.1e+07 3 1.1e+08
-0i -1.1e+07 3 -1.1e+08
-0i -1.1e+07 3 -1.1e+08
0i 1e+07 3 1e+08 0i
0i 1e+07 3 1e+08 0i
0i -1e+07 3 -1e+08 0i
0i -1e+07 3 -1e+08 0i
0i 1.1e+07 3 1.1e+08 0i
0i 1.1e+07 3 1.1e+08 0i
0i -1.1e+07 3 -1.1e+08 0i
0i -1.1e+07 3 -1.1e+08 0i
0n 1e+07 3 1e+08 0n
0n 1e+07 3 1e+08 0n
0n -1e+07 3 -1e+08 0n
0n -1e+07 3 -1e+08 0n
0n 1.1e+07 3 1.1e+08 0n
0n 1.1e+07 3 1.1e+08 0n
0n -1.1e+07 3 -1.1e+08 0n
0n -1.1e+07 3 -1.1e+08 0n
-0i 1e+07 3 1e+08 -0i
-0i 1e+07 3 1e+08 -0i
-0i -1e+07 3 -1e+08 -0i
-0i -1e+07 3 -1e+08 -0i
-0i 1.1e+07 3 1.1e+08 -0i
-0i 1.1e+07 3 1.1e+08 -0i
-0i -1.1e+07 3 -1.1e+08 -0i
-0i -1.1e+07 3 -1.1e+08 -0i
