`b
(((((-7 -2 -7 -6 -6 -3 -6 -2 -5 -8
     -7 -2 -7 -6 -6 -3 -6 -2 -5 -8)
    (-7 -2 -7 -6 -6 -3 -6 -2 -5 -8
     -7 -2 -7 -6 -6 -3 -6 -2 -5 -8))
   ((-7 -2 -7 -6 -6 -3 -6 -2 -5 -8
     -7 -2 -7 -6 -6 -3 -6 -2 -5 -8)
    (-7 -2 -7 -6 -6 -3 -6 -2 -5 -8
     -7 -2 -7 -6 -6 -3 -6 -2 -5 -8)))
  (((-7 -2 -7 -6 -6 -3 -6 -2 -5 -8
     -7 -2 -7 -6 -6 -3 -6 -2 -5 -8)
    (-7 -2 -7 -6 -6 -3 -6 -2 -5 -8
     -7 -2 -7 -6 -6 -3 -6 -2 -5 -8))
   ((-7 -2 -7 -6 -6 -3 -6 -2 -5 -8
     -7 -2 -7 -6 -6 -3 -6 -2 -5 -8)
    (-7 -2 -7 -6 -6 -3 -6 -2 -5 -8
     -7 -2 -7 -6 -6 -3 -6 -2 -5 -8))))
 ((((-7 -2 -7 -6 -6 -3 -6 -2 -5 -8
     -7 -2 -7 -6 -6 -3 -6 -2 -5 -8)
    (-7 -2 -7 -6 -6 -3 -6 -2 -5 -8
     -7 -2 -7 -6 -6 -3 -6 -2 -5 -8))
   ((-7 -2 -7 -6 -6 -3 -6 -2 -5 -8
     -7 -2 -7 -6 -6 -3 -6 -2 -5 -8)
    (-7 -2 -7 -6 -6 -3 -6 -2 -5 -8
     -7 -2 -7 -6 -6 -3 -6 -2 -5 -8)))
  (((-7 -2 -7 -6 -6 -3 -6 -2 -5 -8
     -7 -2 -7 -6 -6 -3 -6 -2 -5 -8)
    (-7 -2 -7 -6 -6 -3 -6 -2 -5 -8
     -7 -2 -7 -6 -6 -3 -6 -2 -5 -8))
   ((-7 -2 -7 -6 -6 -3 -6 -2 -5 -8
     -7 -2 -7 -6 -6 -3 -6 -2 -5 -8)
    (-7 -2 -7 -6 -6 -3 -6 -2 -5 -8
     -7 -2 -7 -6 -6 -3 -6 -2 -5 -8)))))
