5 1 2 3 4 5 6 7 8 9
(5.0;1;2;3;4;5;6;7;8;9)
5 1 2 3 4 5 6 7 8 9.0
(5;1.0;2.0;3.0;4.0;5.0;6.0;7.0;8.0;9.0)
"dbc"
(5;"b";"c")
`d `b `c
(5;`b;`c)
(5;1.2;`a)
(`b;1.2;`a)
5 5 2 3 4 5 6 7 8 9
(5.0;5.0;2;3;4;5;6;7;8;9)
5 5 2 3 4 5 6 7 8 9.0
(5;5;2.0;3.0;4.0;5.0;6.0;7.0;8.0;9.0)
"ddc"
(5;5;"c")
`d `d `c
(5;5;`c)
(5;5;`a)
`b `b `a
5 6 2 3 4 5 6 7 8 9
(5.0;6.0;2;3;4;5;6;7;8;9)
5 6 2 3 4 5 6 7 8 9.0
(5;6;2.0;3.0;4.0;5.0;6.0;7.0;8.0;9.0)
"dec"
(5;6;"c")
`d `e `c
(5;6;`c)
(5;6;`a)
`b `c `a
5 1 2 3 4 5 6 7 8 9
(5.0;1;2;3;4;5;6;7;8;9)
5 1 2 3 4 5 6 7 8 9.0
(5;1.0;2.0;3.0;4.0;5.0;6.0;7.0;8.0;9.0)
"dbc"
(5;"b";"c")
`d `b `c
(5;`b;`c)
(5;;1.2;`a)
(`b;;1.2;`a)
5 5 2 3 4 5 6 7 8 9
(5.0;5.0;2;3;4;5;6;7;8;9)
5 5 2 3 4 5 6 7 8 9.0
(5;5;2.0;3.0;4.0;5.0;6.0;7.0;8.0;9.0)
"ddc"
(5;5;"c")
`d `d `c
(5;5;`c)
(5;5;`a)
`b `b `a
5 6 2 3 4 5 6 7 8 9
(5.0;6.0;2;3;4;5;6;7;8;9)
5 6 2 3 4 5 6 7 8 9.0
(5;6;2.0;3.0;4.0;5.0;6.0;7.0;8.0;9.0)
"dec"
(5;6;"c")
`d `e `c
(5;6;`c)
(5;6;`a)
`b `c `a
5 1 2 3 4 5 6 7 8 9
(5.0;1;2;3;4;5;6;7;8;9)
5 1 2 3 4 5 6 7 8 9.0
(5;1.0;2.0;3.0;4.0;5.0;6.0;7.0;8.0;9.0)
"dbc"
(5;"b";"c")
`d `b `c
(5;`b;`c)
(5;;1.2;`a)
(`b;;1.2;`a)
5 5 2 3 4 5 6 7 8 9
(5.0;5.0;2;3;4;5;6;7;8;9)
5 5 2 3 4 5 6 7 8 9.0
(5;5;2.0;3.0;4.0;5.0;6.0;7.0;8.0;9.0)
"ddc"
(5;5;"c")
`d `d `c
(5;5;`c)
(5;5;`a)
`b `b `a
5 6 2 3 4 5 6 7 8 9
(5.0;6.0;2;3;4;5;6;7;8;9)
5 6 2 3 4 5 6 7 8 9.0
(5;6;2.0;3.0;4.0;5.0;6.0;7.0;8.0;9.0)
"dec"
(5;6;"c")
`d `e `c
(5;6;`c)
(5;6;`a)
`b `c `a
