5
5
0 1 2 3 4 5
0 1 2 3 4 5
100
100
2 3 4 5 6 7 8 9 10 11 12 13 14 15 16 17 18 19 20 21 22 23 24 25 26 27 28 29 30 31 32 33 34 35 36 37 38 39 40 41 42 43 44 45 46 47 48 49 50 51 52 53 54 55 56 57 58 59 60 61 62 63 64 65 66 67 68 69 70 71 72 73 74 75 76 77 78 79 80 81 82 83 84 85 86 87 88 89 90 91 92 93 94 95 96 97 98 99 100
2 3 4 5 6 7 8 9 10 11 12 13 14 15 16 17 18 19 20 21 22 23 24 25 26 27 28 29 30 31 32 33 34 35 36 37 38 39 40 41 42 43 44 45 46 47 48 49 50 51 52 53 54 55 56 57 58 59 60 61 62 63 64 65 66 67 68 69 70 71 72 73 74 75 76 77 78 79 80 81 82 83 84 85 86 87 88 89 90 91 92 93 94 95 96 97 98 99 100
(1;"type")
(1;"type")
(1;"type")
(1;"type")
(1;"type")
(1;"valence")
(1;"valence")
36
0 11 23 36
336
0 111 223 336
78
0 22 48 78
{x+1}/[5;]
5
8
5
128
160
0 1 2 3 4 5
5
(0
 ,0
 ,,0
 ,,,0
 ,,,,0
 ,,,,,0)
,0
,0
,0
,0
{,x}\[5;]
(0
 ,0
 ,,0
 ,,,0
 ,,,,0
 ,,,,,0)
,0
,0
,0
,0
