1 2 3 + 4 5 6
1 2 3.0 + 4 5 6
1 2 3 + 4 5 6.0
1 2 3.0 + 4 5 6.0

1 2 3 - 4 5 6
1 2 3.0 - 4 5 6
1 2 3 - 4 5 6.0
1 2 3.0 - 4 5 6.0

1 2 3 * 4 5 6
1 2 3.0 * 4 5 6
1 2 3 * 4 5 6.0
1 2 3.0 * 4 5 6.0

1 2 3 % 4 5 6
1 2 3.0 % 4 5 6
1 2 3 % 4 5 6.0
1 2 3.0 % 4 5 6.0

1 + 4 5 6
1 2 3 + 4
1.0 + 4 5 6
1 2 3 + 4.0
1 + 4 5 6.0
1 2 3.0 + 4
1.0 + 4 5 6.0
1 2 3.0 + 4.0

1 - 4 5 6
1 2 3 - 4
1.0 - 4 5 6
1 2 3 - 4.0
1 - 4 5 6.0
1 2 3.0 - 4
1.0 - 4 5 6.0
1 2 3.0 - 4.0

1 * 4 5 6
1 2 3 * 4
1.0 * 4 5 6
1 2 3 * 4.0
1 * 4 5 6.0
1 2 3.0 * 4
1.0 * 4 5 6.0
1 2 3.0 * 4.0

1 % 4 5 6
1 2 3 % 4
1.0 % 4 5 6
1 2 3 % 4.0
1 % 4 5 6.0
1 2 3.0 % 4
1.0 % 4 5 6.0
1 2 3.0 % 4.0

2 & 1 2 3
1 2 3 & 2
2.0 & 1 2 3
1 2 3 & 2.0
2 & 1 2 3.0
1 2 3.0 & 2
2.0 & 1 2 3.0
1 2 3.0 & 2.0

2 | 1 2 3
1 2 3 | 2
2.0 | 1 2 3
1 2 3 | 2.0
2 | 1 2 3.0
1 2 3.0 | 2
2.0 | 1 2 3.0
1 2 3.0 | 2.0

2 < 1 2 3
1 2 3 < 2
2.0 < 1 2 3
1 2 3 < 2.0
2 < 1 2 3.0
1 2 3.0 < 2
2.0 < 1 2 3.0
1 2 3.0 < 2.0

2 > 1 2 3
1 2 3 > 2
2.0 > 1 2 3
1 2 3 > 2.0
2 > 1 2 3.0
1 2 3.0 > 2
2.0 > 1 2 3.0
1 2 3.0 > 2.0

2 = 1 2 3
1 2 3 = 2
2.0 = 1 2 3
1 2 3 = 2.0
2 = 1 2 3.0
1 2 3.0 = 2
2.0 = 1 2 3.0
1 2 3.0 = 2.0

\\
