&/"asdf"
|/"asdf"
,/"asdf"
&\"asdf"
|\"asdf"
,\"asdf"
+/2 3 4
-/2 3 4
*/2 3 4
%/2 3 4
&/2 3 4
|/2 3 4
</2 3 4
>/2 3 4
=/2 3 4
~/2 3 4
#/2 3 4
,/2 3 4
+\2 3 4
-\2 3 4
*\2 3 4
%\2 3 4
&\2 3 4
|\2 3 4
<\2 3 4
>\2 3 4
=\2 3 4
~\2 3 4
#\2 3 4
,\2 3 4
+/2 3 4.0
-/2 3 4.0
*/2 3 4.0
%/2 3 4.0
&/2 3 4.0
|/2 3 4.0
</2 3 4.0
>/2 3 4.0
=/2 3 4.0
~/2 3 4.0
,/2 3 4.0
+\2 3 4.0
-\2 3 4.0
*\2 3 4.0
%\2 3 4.0
&\2 3 4.0
|\2 3 4.0
<\2 3 4.0
>\2 3 4.0
=\2 3 4.0
~\2 3 4.0
,\2 3 4.0
&/`a`s`d`f
|/`a`s`d`f
,/`a`s`d`f
&\`a`s`d`f
|\`a`s`d`f
,\`a`s`d`f
+/(2;3;4.0)
-/(2;3;4.0)
*/(2;3;4.0)
%/(2;3;4.0)
&/(2;3;4.0)
|/(2;3;4.0)
</(2;3;4.0)
>/(2;3;4.0)
=/(2;3;4.0)
~/(2;3;4.0)
#/(2;3;4.0)
,/(2;3;4.0)
+\(2;3;4.0)
-\(2;3;4.0)
*\(2;3;4.0)
%\(2;3;4.0)
&\(2;3;4.0)
|\(2;3;4.0)
<\(2;3;4.0)
>\(2;3;4.0)
=\(2;3;4.0)
~\(2;3;4.0)
#\(2;3;4.0)
,\(2;3;4.0)
+/((2;3;4.0);(5;6;7.0))
-/((2;3;4.0);(5;6;7.0))
*/((2;3;4.0);(5;6;7.0))
%/((2;3;4.0);(5;6;7.0))
&/((2;3;4.0);(5;6;7.0))
|/((2;3;4.0);(5;6;7.0))
</((2;3;4.0);(5;6;7.0))
>/((2;3;4.0);(5;6;7.0))
=/((2;3;4.0);(5;6;7.0))
~/((2;3;4.0);(5;6;7.0))
,/((2;3;4.0);(5;6;7.0))
+\((2;3;4.0);(5;6;7.0))
-\((2;3;4.0);(5;6;7.0))
*\((2;3;4.0);(5;6;7.0))
%\((2;3;4.0);(5;6;7.0))
&\((2;3;4.0);(5;6;7.0))
|\((2;3;4.0);(5;6;7.0))
<\((2;3;4.0);(5;6;7.0))
>\((2;3;4.0);(5;6;7.0))
=\((2;3;4.0);(5;6;7.0))
~\((2;3;4.0);(5;6;7.0))
,\((2;3;4.0);(5;6;7.0))
\\
