2 dot 3
2 dot 3.0
2 dot 3 4
2 dot 3 4.0
2 dot (3;4.0)

2.0 dot 3
2.0 dot 3.0
2.0 dot 3 4
2.0 dot 3 4.0
2.0 dot (3;4.0)

1 2 dot 3
1 2 dot 3.0
1 2 dot 3 4
1 2 dot 3 4.0
1 2 dot (3;4.0)

1 2.0 dot 3
1 2.0 dot 3.0
1 2.0 dot 3 4
1 2.0 dot 3 4.0
1 2.0 dot (3;4.0)

(1;2.0) dot 3
(1;2.0) dot 3.0
(1;2.0) dot 3 4
(1;2.0) dot 3 4.0
(1;2.0) dot (3;4.0)

2 dot' 2
2 dot' 2.0
2 dot' 2 3
2 dot' 2 3.0
2 dot' (2;3.0)

2.0 dot' 2
2.0 dot' 2.0
2.0 dot' 2 3
2.0 dot' 2 3.0
2.0 dot' (2;3.0)

2 3 dot' 2
2 3 dot' 2.0
2 3 dot' 2 3
2 3 dot' 2 3.0
2 3 dot' (2;3.0)

2 3.0 dot' 2
2 3.0 dot' 2.0
2 3.0 dot' 2 3
2 3.0 dot' 2 3.0
2 3.0 dot' (2;3.0)

(2;3.0) dot 2
(2;3.0) dot 2.0
(2;3.0) dot 2 3
(2;3.0) dot 2 3.0
(2;3.0) dot (2;3.0)

\\
