a:1 0
a@<a
a:2 1 0
a@<a
a:3 2 1 0
a@<a
a:4 3 2 1 0
a@<a
a:5 4 3 2 1 0
a@<a
a:6 5 4 3 2 1 0
a@<a
a:7 6 5 4 3 2 1 0
a@<a
a:8 7 6 5 4 3 2 1 0
a@<a
a:9 8 7 6 5 4 3 2 1 0
a@<a
a:9 8 7 6 5 4 3 2
a@<a
a:2 3 4 5
a@<a
a:2 3 4 5 6
a@<a
a:2 2 4 4 5 5 6 6
a@<a
a:2 2 4 4 5 5 6 6 7
a@<a
a:83 86 77 15 93 35 86 92 49 21 62 27 90 59 63 26 40 26 72 36 11 68 67 29 82 30 62 23 67 35 29 2 22 58 69 67 93 56 11 42 29 73 21 19 84 37 98 24 15 70 13 26 91 80 56 73 62 70 96 81 5 25 84 27 36 5 46 29 13 57 24 95 82 45 14 67 34 64 43 50 87 8 76 78 88 84 3 51 54 99 32 60 76 68 39 12 26 86 94 39 95 70 34 78 67 1 97 2 17 92 52 56 1 80 86 41 65 89 44 19 40 29 31 17 97 71 81 75 9 27 67 56 97 53 86 65 6 83 19 24 28 71 32 29 3 19 70 68 8 15 40 49 96 23 18 45 46 51 21 55 79 88 64 28 41 50 93 0 34 64 24 14 87 56 43 91 27 65 59 36 32 51 37 28 75 7 74 21 58 95 29 37 35 93 18 28 43 11 28 29 76 4 43 63 13 38 6 40 4 18 28 88 69 17 17 96 24 43 70 83 90 99 72 25 44 90 5 39 54 86 69 82 42 64 97 7 55 4 48 11 22 28 99 43 46 68 40 22 11 10 5 1 61 30 78 5 20 36 44 26 22 65 8 16 82 58 24 37 62 24 0 36 52 99 79 50 68 71 73 31 81 30 33 94 60 63 99 81 99 96 59 73 13 68 90 95 26 66 84 40 90 84 76 42 36 7 45 56 79 18 87 12 48 72 59 9 36 10 42 87 6 1 13 72 21 55 19 99 21 4 39 11 40 67 5 28 27 50 84 58 20 24 22 69 96 81 30 84 92 72 72 50 25 85 22 99 40 42 98 13 98 90 24 90 9 81 19 36 32 55 94 4 79 69 73 76 50 55 60 42 79 84 93 5 21 67 4 13 61 54 26 59 44 2 2 6 84 21 42 68 28 89 72 8 58 98 36 8 53 48 3 33 33 48 90 54 67 46 68 29 0 46 88 97 49 90 3 33 63 97 53 92 86 25 52 96 75 88 57 29 36 60 14 21 60 4 28 27 50 48 56 2 94 97 99 43 39 2 28 3 0 81 47 38 59 51 35 34 39 92 15 27 4 29 49 64 85 29 43 35 77 0 38 71 49 89 67 88 92 95 43 44 29 90 82 40 41 69 26 32 61 42 60 17 23 61 81 9 90 25 96 67 77 34 90 26 24 57 14 68 5 58 12 86 0 46 26 94 16 52 78 29 46 90 47 70 51 80 31 93 57 27 12 86 14 55 12 90 12 79 10 69 89 74 55 41 20 33 87 88 38 66 70 84 56 17 6 60 49 37 5 59 17 18 45 83 73 58 73 37 89 83 7 78 57 14 71 29 0 59 18 38 25 88 74 33 57 81 93 58 70 99 17 39 69 63 22 94 73 47 31 62 82 90 92 91 57 15 21 57 74 91 47 51 31 21 37 40 54 30 98 25 81 16 16 2 31 39 96 4 38 80 18 21 70 62 12 79 77 85 36 4 76 83 7 59 57 44 99 11 27 50 36 60 18 5 63 49 44 11 5 34 91 75 55 14 89 68 93 18 5 82 22 82 17 30 93 74 26 93 86 53 43 74 14 13 79 77 62 75 88 19 10 32 94 17 46 35 37 91 53 43 73 28 25 91 10 18 17 36 63 55 90 58 30 4 71 61 33 85 89 73 4 51 5 50 68 3 85 6 95 39 49 20 67 26 63 77 96 81 65 60 36 55 70 18 11 42 32 96 79 21 70 84 72 27 34 40 83 72 98 30 63 47 50 30 73 14 59 22 47 24 82 35 32 4 54 43 98 86 40 78 59 62 62 83 41 48 23 24 72 22 54 35 21 57 65 47 71 76 69 18 1 3 53 33 7 59 28 6 97 20 84 8 34 98 91 76 98 15 52 71 89 59 6 10 16 24 9 39 0 78 9 53 81 14 38 89 26 67 47 23 87 31 32 22 81 75 50 79 90 54 50 31 13 57 94 81 81 3 20 33 82 81 87 15 96 25 4 22 92 51 97 32 34 81 6 15 57 8 95 99 62 97 83 76 54 77 9 87 32 82 21 66 63 60 82 11 85 86 85 30 90 83 14 76 16 20 92 25 28 39 25 90 36 60 18 43 37 28 82 21 10 55 88 25 15 70 37 53 8 22 83 50 57 97 27 26 69 71 51 49 10 28 39 98 88 10 93 77 90 76 99 52 31 87 77 99 57 66 52 17 41 35 68 98 84 95 76 5 66 28 54 28 8 93 78 97 55 72 74 45 0 25 97 83 12 27 82 21 93 34 39 34 21 59 85 57 54 61 62 72 41 16 52 50 62 82 99 17 54 73 15
a@<a
a:86 761 994 890 923 311 102 477 647 369 528 931 970 447 86 0 211 930 232 685 751 549 277 141 783 301 662 320 706 168 747 354 929 732 234 404 605 909 881 242 268 399 736 800 846 384 800 619 304 595 294 46 706 133 759 479 435 412 361 703 580 99 619 61 393 854 465 998 315 337 803 583 298 529 945 135 913 298 316 780 893 173 826 151 878 137 630 875 111 991 130 253 80 750 314 35 594 342 24 909 679 389 44 539 918 551 236 383 849 553 153 294 726 541 445 156 241 637 22 352 619 152 168 261 902 44 297 48 386 893 957 627 272 563 157 752 105 393 697 516 508 851 373 796 954 380 953 185 8 975 100 189 689 268 450 582 884 309 630 261 192 140 450 26 703 169 340 808 563 28 887 633 441 250 420 385 630 363 571 638 900 671 827 579 501 840 723 375 139 344 198 904 46 649 492 749 380 833 110 943 423 997 129 864 809 549 811 429 474 372 630 936 605 9 505 96 411 791 34 113 697 232 7 743 443 499 482 824 894 154 319 879 713 448 733 512 559 535 504 23 469 124 959 65 705 17 733 679 370 767 792 57 562 799 800 1005 860 844 381 307 999 263 176 702 711 472 205 833 569 271 418 28 967 940 665 662 957 389 331 889 146 113 946 708 474 736 266 897 132 647 194 121 910 370 386 174 404 153 1007 973 424 987 1002 381 917 219 605 426 608 499 305 755 612 241 15 649 539 281 536 672 491 730 355 963 662 741 699 57 456 258 592 880 236 584 823 143 366 419 570 974 918 875 281 82 679 297 293 208 140 829 442 193 111 798 147 774 91 846 393 548 95 985 990 331 122 366 474 488 785 606 452 255 472 296 909 141 593 193 921 295 12 926 489 124 714 636 460 367 34 853 477 129 390 20 22 512 386 59 1000 733 665 5 988 127 301 887 840 456 70 314 751 83 230 802 779 506 1000 229 873 25 644 913 726 24 933 311 99 881 370 89 604 25 666 582 725 529 21 117 547 664 431 861 309 661 653 78 157 644 879 593 231 513 58 957 99 553 258 198 424 190 860 18 216 78 162 503 608 755 620 145 409 42 1006 718 265 212 358 423 856 227 578 77 302 636 596 402 179 417 600 603 607 12 183 385 91 917 888 699 224 61 406 634 103 975 914 368 177 263 353 595 490 931 234 355 557 830 757 298 809 919 463 979 494 646 354 585 115 805 846 340 866 242 536 969 779 2 899 956 265 815 103 318 736 337 673 856 730 992 716 529 463 170 498 957 816 415 532 494 210 940 396 638 745 494 159 514 496 48 23 762 863 126 642 152 464 877 570 184 859 276 275 884 446 774 832 825 751 926 881 523 857 267 151 592 761 310 668 819 930 691 133 784 818 775 498 272 642 630 456 53 906 731 500 915 57 894 292 370 810 163 893 219 430 34 373 753 344 32 124 265 723 258 611 531 23 671 365 228 291 383 853 759 677 915 664 734 799 956 667 162 681 550 381 673 147 317 416 53 349 541 890 634 361 491 728 956 724 83 174 577 467 590 327 134 495 553 430 857 62 659 9 743 200 962 407 919 269 385 972 180 488 853 815 849 906 95 796 183 750 532 760 207 684 77 913 170 631 906 17 255 117 598 998 889 550 967 798 820 343 761 1000 393 166 367 233 62 462 591 245 203 113 568 982 798 645 448 530 838 916 109 83 23 707 644 913 247 601 263 629 506 14 182 900 752 549 695 377 574 276 184 339 961 752 883 311 388 321 403 788 799 512 434 385 781 640 860 591 803 113 210 300 700 392 762 442 504 447 819 68 285 1004 407 808 746 280 110 696 164 513 37 525 588 471 910 359 673 760 512 466 874 723 328 126 677 80 568 171 89 378 811 946 944 208 745 680 51 855 939 787 930 976 302 508 1009 775 430 672 87 942 128 961 217 457 649 457 99 208 628 189 148 430 125 82 200 432 324 823 277 253 600 770 791 465 268 790 230 260 14 317 765 143 841 544 162 480 1001 833 250 620 584 398 612 272 480 812 704 805 188 544 620 788 304 402 815 134 182 607 395 197 925 722 912 318 256 636 360 820 459 611 1002 606 1009 604 878 42 978 572 847 728 106 457 507 410 859 884 545 604 482 502 363 969 786 265 277 604 463 199 414 484 810 406 80 372 572 958 414 103 521 251 831 189 270 900 600 692 775 707 286 819 771 649 778 547 476 45 141 501 244 118 985 617 86 56 989 221 4 393 896 87 206 279 277 476 170 439 730 507 136 6 888 907 217 656 6 255 263 147 756 69 837 732 686 924 350 227 135 354 620 21 442 388 300 281 865 32 720 147 101 856 154 989 315 943 635 321 761 460
a@<a
\\
